KinematicTree(root=PrismaticJoint(numSides=4, r=1, neutralLength=3, numLayers=3, coneAngle=0.6283185307179586, Pose=SE3(array([[ 2.7899832748742848e-01,  9.6029148810618281e-01,
             4.3718420671012836e-04,  3.3484214866564947e+00],
           [-1.8853162169275611e-01,  5.4328629404355455e-02,
             9.8056321960847770e-01, -3.9520389563013025e+00],
           [ 9.4160276172126700e-01, -2.7365792131392291e-01,
             1.9620290828890807e-01,  2.4464048167951784e+00],
           [ 0.0000000000000000e+00,  0.0000000000000000e+00,
             0.0000000000000000e+00,  1.0000000000000000e+00]])), initialState=0), maxAnglePerElbow=1.5707963267948966, joints=[PrismaticJoint(numSides=4, r=1, neutralLength=3, numLayers=3, coneAngle=0.6283185307179586, Pose=SE3(array([[ 2.7899832748742848e-01,  9.6029148810618281e-01,
             4.3718420671012836e-04,  3.3484214866564947e+00],
           [-1.8853162169275611e-01,  5.4328629404355455e-02,
             9.8056321960847770e-01, -3.9520389563013025e+00],
           [ 9.4160276172126700e-01, -2.7365792131392291e-01,
             1.9620290828890807e-01,  2.4464048167951784e+00],
           [ 0.0000000000000000e+00,  0.0000000000000000e+00,
             0.0000000000000000e+00,  1.0000000000000000e+00]])), initialState=0), Waypoint(numSides=4, r=1, Pose=SE3(array([[ 2.7899832748742848e-01,  9.6029148810618281e-01,
             4.3718420671012842e-04,  3.3509583685203936e+00],
           [-1.8853162169275611e-01,  5.4328629404355455e-02,
             9.8056321960847781e-01,  1.7379494056988194e+00],
           [ 9.4160276172126700e-01, -2.7365792131392291e-01,
             1.9620290828890810e-01,  3.5849262730662188e+00],
           [ 0.0000000000000000e+00,  0.0000000000000000e+00,
             0.0000000000000000e+00,  1.0000000000000000e+00]])), pathIndex=2), Waypoint(numSides=4, r=1, Pose=SE3(array([[-0.4202959866541468, -0.0222619315063006,  0.9071139344139887,
             6.662262299364345 ],
           [ 0.4513181927456205,  0.8621415807662045,  0.2302689375725202,
             3.415360112666912 ],
           [-0.7871868726669954,  0.506178131806935 , -0.3523074316292473,
             2.4664824126060707],
           [ 0.                ,  0.                ,  0.                ,
             1.                ]])), pathIndex=2), PrismaticJoint(numSides=4, r=1, neutralLength=3, numLayers=3, coneAngle=0.6283185307179586, Pose=SE3(array([[-0.4202959866541467, -0.0222619315063006,  0.9071139344139887,
            11.555400295609239 ],
           [ 0.4513181927456203,  0.8621415807662045,  0.2302689375725202,
             2.293678162580903 ],
           [-0.7871868726669953,  0.506178131806935 , -0.3523074316292473,
            -4.801436327404235 ],
           [ 0.                ,  0.                ,  0.                ,
             1.                ]])), initialState=0), Waypoint(numSides=4, r=1, Pose=SE3(array([[-0.4202959866541467, -0.0222619315063006,  0.9071139344139887,
            18.62439346599468  ],
           [ 0.4513181927456203,  0.8621415807662045,  0.2302689375725202,
             4.088127002244713 ],
           [-0.7871868726669953,  0.506178131806935 , -0.3523074316292473,
            -7.546911546756988 ],
           [ 0.                ,  0.                ,  0.                ,
             1.                ]])), pathIndex=2)], links=[LinkCSC(r=1,StartDubinsPose=SE3(array([[ 4.3718420671012842e-04,  2.7899832748742853e-01,
             9.6029148810618281e-01,  3.3477657103464296e+00],
           [ 9.8056321960847781e-01, -1.8853162169275600e-01,
             5.4328629404355511e-02, -5.4228837857140189e+00],
           [ 1.9620290828890810e-01,  9.4160276172126700e-01,
            -2.7365792131392297e-01,  2.1521004543618165e+00],
           [ 0.0000000000000000e+00,  0.0000000000000000e+00,
             0.0000000000000000e+00,  1.0000000000000000e+00]])),EndDubinsPose=SE3(array([[ 4.3718420671012842e-04,  2.7899832748742853e-01,
             9.6029148810618281e-01,  3.3477657103464296e+00],
           [ 9.8056321960847781e-01, -1.8853162169275600e-01,
             5.4328629404355511e-02, -5.4228837857140189e+00],
           [ 1.9620290828890810e-01,  9.4160276172126700e-01,
            -2.7365792131392297e-01,  2.1521004543618165e+00],
           [ 0.0000000000000000e+00,  0.0000000000000000e+00,
             0.0000000000000000e+00,  1.0000000000000000e+00]])),maxAnglePerElbow=1.5707963267948966,path=PathCSC(tDirMag=array([4.3718420947433254e-04, 9.8056321957728687e-01,
       1.9620290844478452e-01, 4.1359030627651384e-24]), r=1, startPosition=array([ 3.3477657103464296, -5.422883785714019 ,  2.1521004543618165]), startDir=array([4.371842067101284e-04, 9.805632196084778e-01,
       1.962029082889081e-01]), endPosition=array([ 3.3477657103464296, -5.422883785714019 ,  2.1521004543618165]), endDir=array([4.371842067101284e-04, 9.805632196084778e-01,
       1.962029082889081e-01]), circle1sign=1, circle2sign=1),EPSILON=0.01,), LinkCSC(r=1,StartDubinsPose=SE3(array([[ 4.3718420671012842e-04,  2.7899832748742859e-01,
             9.6029148810618270e-01,  3.3490772629665599e+00],
           [ 9.8056321960847781e-01, -1.8853162169275597e-01,
             5.4328629404355518e-02, -2.4811941268885862e+00],
           [ 1.9620290828890810e-01,  9.4160276172126689e-01,
            -2.7365792131392297e-01,  2.7407091792285403e+00],
           [ 0.0000000000000000e+00,  0.0000000000000000e+00,
             0.0000000000000000e+00,  1.0000000000000000e+00]])),EndDubinsPose=SE3(array([[ 4.3718420671012842e-04,  2.7899832748742853e-01,
             9.6029148810618281e-01,  3.3509583685203936e+00],
           [ 9.8056321960847781e-01, -1.8853162169275600e-01,
             5.4328629404355511e-02,  1.7379494056988194e+00],
           [ 1.9620290828890810e-01,  9.4160276172126700e-01,
            -2.7365792131392297e-01,  3.5849262730662188e+00],
           [ 0.0000000000000000e+00,  0.0000000000000000e+00,
             0.0000000000000000e+00,  1.0000000000000000e+00]])),maxAnglePerElbow=1.5707963267948966,path=PathCSC(tDirMag=array([4.3718420671016702e-04, 9.8056321960847781e-01,
       1.9620290828890807e-01, 4.3027756377319948e+00]), r=1, startPosition=array([ 3.34907726296656  , -2.481194126888586 ,  2.7407091792285403]), startDir=array([4.371842067101284e-04, 9.805632196084778e-01,
       1.962029082889081e-01]), endPosition=array([3.3509583685203936, 1.7379494056988194, 3.584926273066219 ]), endDir=array([4.371842067101284e-04, 9.805632196084778e-01,
       1.962029082889081e-01]), circle1sign=1, circle2sign=1),EPSILON=0.01,), LinkCSC(r=1,StartDubinsPose=SE3(array([[ 4.3718420671012842e-04,  2.7899832748742859e-01,
             9.6029148810618281e-01,  3.3509583685203936e+00],
           [ 9.8056321960847781e-01, -1.8853162169275600e-01,
             5.4328629404355525e-02,  1.7379494056988194e+00],
           [ 1.9620290828890810e-01,  9.4160276172126700e-01,
            -2.7365792131392297e-01,  3.5849262730662188e+00],
           [ 0.0000000000000000e+00,  0.0000000000000000e+00,
             0.0000000000000000e+00,  1.0000000000000000e+00]])),EndDubinsPose=SE3(array([[ 0.9071139344139887, -0.4202959866541467, -0.0222619315063006,
             6.662262299364345 ],
           [ 0.2302689375725202,  0.4513181927456203,  0.8621415807662045,
             3.415360112666912 ],
           [-0.3523074316292473, -0.7871868726669953,  0.506178131806935 ,
             2.4664824126060707],
           [ 0.                ,  0.                ,  0.                ,
             1.                ]])),maxAnglePerElbow=1.5707963267948966,path=PathCSC(tDirMag=array([ 0.9071139344150682,  0.2302689375653624, -0.352307431631146 ,
        2.796433501904404 ]), r=1, startPosition=array([3.3509583685203936, 1.7379494056988194, 3.584926273066219 ]), startDir=array([4.371842067101284e-04, 9.805632196084778e-01,
       1.962029082889081e-01]), endPosition=array([6.662262299364345 , 3.415360112666912 , 2.4664824126060707]), endDir=array([ 0.9071139344139887,  0.2302689375725202, -0.3523074316292473]), circle1sign=1, circle2sign=-1),EPSILON=0.01,), LinkCSC(r=1,StartDubinsPose=SE3(array([[ 0.9071139344139887, -0.4202959866541467, -0.0222619315063006,
             6.662262299364345 ],
           [ 0.2302689375725202,  0.4513181927456203,  0.8621415807662045,
             3.415360112666912 ],
           [-0.3523074316292473, -0.7871868726669953,  0.506178131806935 ,
             2.4664824126060707],
           [ 0.                ,  0.                ,  0.                ,
             1.                ]])),EndDubinsPose=SE3(array([[ 0.9071139344139887, -0.4202959866541467, -0.0222619315063006,
            10.194729393988256 ],
           [ 0.2302689375725202,  0.4513181927456203,  0.8621415807662045,
             1.9482747562221225],
           [-0.3523074316292473, -0.7871868726669953,  0.506178131806935 ,
            -4.272975179960364 ],
           [ 0.                ,  0.                ,  0.                ,
             1.                ]])),maxAnglePerElbow=1.5707963267948966,path=PathCSC(tDirMag=array([ 0.3685468044806787, -0.2390338246185227, -0.8983518707028565,
        6.100653538739272 ]), r=1, startPosition=array([6.662262299364345 , 3.415360112666912 , 2.4664824126060707]), startDir=array([ 0.9071139344139887,  0.2302689375725202, -0.3523074316292473]), endPosition=array([10.194729393988256 ,  1.9482747562221225, -4.272975179960364 ]), endDir=array([ 0.9071139344139887,  0.2302689375725202, -0.3523074316292473]), circle1sign=1, circle2sign=-1),EPSILON=0.01,), LinkCSC(r=1,StartDubinsPose=SE3(array([[ 0.9071139344139887, -0.4202959866541467, -0.0222619315063006,
            14.824552603448208 ],
           [ 0.2302689375725202,  0.4513181927456203,  0.8621415807662045,
             3.1235455035287005],
           [-0.3523074316292473, -0.7871868726669953,  0.506178131806935 ,
            -6.071118788983466 ],
           [ 0.                ,  0.                ,  0.                ,
             1.                ]])),EndDubinsPose=SE3(array([[ 0.9071139344139887, -0.4202959866541467, -0.0222619315063006,
            18.62439346599468  ],
           [ 0.2302689375725202,  0.4513181927456203,  0.8621415807662045,
             4.088127002244713 ],
           [-0.3523074316292473, -0.7871868726669953,  0.506178131806935 ,
            -7.546911546756988 ],
           [ 0.                ,  0.                ,  0.                ,
             1.                ]])),maxAnglePerElbow=1.5707963267948966,path=PathCSC(tDirMag=array([ 0.9071139344139888,  0.23026893757252  , -0.352307431629247 ,
        4.188934507991252 ]), r=1, startPosition=array([14.824552603448208 ,  3.1235455035287005, -6.071118788983466 ]), startDir=array([ 0.9071139344139887,  0.2302689375725202, -0.3523074316292473]), endPosition=array([18.62439346599468 ,  4.088127002244713, -7.546911546756988]), endDir=array([ 0.9071139344139887,  0.2302689375725202, -0.3523074316292473]), circle1sign=-1, circle2sign=1),EPSILON=0.01,)], parents=[-1, 0, 1, 2, 3], children=[[1], [2], [3], [4], []], boundingBall=<geometryHelpers.Ball object at 0x794906115cd0>)