KinematicTree(root=PrismaticJoint(numSides=4, r=1, neutralLength=3, numLayers=3, coneAngle=0.6283185307179586, Pose=SE3(array([[-1.9731696839407342e-01, -1.4857156318615061e-04,
             9.8033973290398813e-01, -1.2545988115263751e+00],
           [ 9.0685916205385619e-01,  3.7982792378330621e-01,
             1.8258479814442569e-01,  4.5071430640991608e+00],
           [-3.7238753226007704e-01,  9.2505714755411383e-01,
            -7.4811760949041073e-02,  2.3199394181140507e+00],
           [ 0.0000000000000000e+00,  0.0000000000000000e+00,
             0.0000000000000000e+00,  1.0000000000000000e+00]])), initialState=0), maxAnglePerElbow=1.5707963267948966, joints=[PrismaticJoint(numSides=4, r=1, neutralLength=3, numLayers=3, coneAngle=0.6283185307179586, Pose=SE3(array([[-1.9731696839407342e-01, -1.4857156318615061e-04,
             9.8033973290398813e-01, -1.2545988115263751e+00],
           [ 9.0685916205385619e-01,  3.7982792378330621e-01,
             1.8258479814442569e-01,  4.5071430640991608e+00],
           [-3.7238753226007704e-01,  9.2505714755411383e-01,
            -7.4811760949041073e-02,  2.3199394181140507e+00],
           [ 0.0000000000000000e+00,  0.0000000000000000e+00,
             0.0000000000000000e+00,  1.0000000000000000e+00]])), initialState=0), Waypoint(numSides=4, r=1, Pose=SE3(array([[-1.9731696839407342e-01, -1.4857156318615061e-04,
             9.8033973290398824e-01,  4.4340927072695777e+00],
           [ 9.0685916205385619e-01,  3.7982792378330621e-01,
             1.8258479814442571e-01,  5.5666416825918486e+00],
           [-3.7238753226007704e-01,  9.2505714755411383e-01,
            -7.4811760949041087e-02,  1.8858235542631254e+00],
           [ 0.0000000000000000e+00,  0.0000000000000000e+00,
             0.0000000000000000e+00,  1.0000000000000000e+00]])), pathIndex=2), Waypoint(numSides=4, r=1, Pose=SE3(array([[-0.4161451555920908, -0.284651836654793 ,  0.8635951258351839,
             6.111774271258444 ],
           [-0.0542762642421357, -0.9402686508093927, -0.3360787875558368,
             5.123466970530196 ],
           [ 0.9076768679531014, -0.1867302765866758,  0.3758384056861558,
             2.4295254797648296],
           [ 0.                ,  0.                ,  0.                ,
             1.                ]])), pathIndex=2), PrismaticJoint(numSides=4, r=1, neutralLength=3, numLayers=3, coneAngle=0.6283185307179586, Pose=SE3(array([[-0.4161451555920911, -0.284651836654793 ,  0.863595125835184 ,
             9.292296138232086 ],
           [-0.0542762642421356, -0.9402686508093933, -0.3360787875558369,
            -1.6742237975240144],
           [ 0.9076768679531015, -0.1867302765866759,  0.3758384056861559,
             6.9784062054813365],
           [ 0.                ,  0.                ,  0.                ,
             1.                ]])), initialState=0), Waypoint(numSides=4, r=1, Pose=SE3(array([[-0.4161451555920911, -0.284651836654793 ,  0.863595125835184 ,
            16.022154224306842 ],
           [-0.0542762642421356, -0.9402686508093933, -0.3360787875558369,
            -4.2932318006128405],
           [ 0.9076768679531015, -0.1867302765866759,  0.3758384056861559,
             9.907254525599278 ],
           [ 0.                ,  0.                ,  0.                ,
             1.                ]])), pathIndex=2), Waypoint(numSides=4, r=1, Pose=SE3(array([[ 0.6331909802931324,  0.7607505994307988,  0.1425752711416056,
            18.15785119653445  ],
           [-0.6805900211424967,  0.4595248336494613,  0.5706436281784727,
             1.2707447535556593],
           [ 0.3686006044442658, -0.4583617051250194,  0.8087262464383153,
            18.463075268910835 ],
           [ 0.                ,  0.                ,  0.                ,
             1.                ]])), pathIndex=2), RevoluteJoint(numSides=4, r=1, totalBendingAngle=3.141592653589793, Pose=SE3(array([[-0.7845778659364049, -0.6034151674772306,  0.1425752711416056,
             7.204045522102417 ],
           [ 0.5632808891124028, -0.5975621219421877,  0.5706436281784727,
            12.651188525598302 ],
           [-0.259137438907267 ,  0.5280242855005589,  0.8087262464383153,
            18.824518912399288 ],
           [ 0.                ,  0.                ,  0.                ,
             1.                ]])), numSinkLayers=1, initialState=0), Waypoint(numSides=4, r=1, Pose=SE3(array([[ 0.6331909802931324,  0.7607505994307989,  0.1425752711416056,
             8.088808043439538 ],
           [-0.6805900211424966,  0.4595248336494613,  0.5706436281784727,
            16.192364293384127 ],
           [ 0.3686006044442659, -0.4583617051250194,  0.8087262464383153,
            23.843135865682896 ],
           [ 0.                ,  0.                ,  0.                ,
             1.                ]])), pathIndex=2)], links=[LinkCSC(r=1,StartDubinsPose=SE3(array([[ 9.8033973290398824e-01, -1.9731696839407337e-01,
            -1.4857156318620615e-04, -2.7251084108823571e+00],
           [ 1.8258479814442571e-01,  9.0685916205385619e-01,
             3.7982792378330626e-01,  4.2332658668825225e+00],
           [-7.4811760949041087e-02, -3.7238753226007715e-01,
             9.2505714755411383e-01,  2.4321570595376123e+00],
           [ 0.0000000000000000e+00,  0.0000000000000000e+00,
             0.0000000000000000e+00,  1.0000000000000000e+00]])),EndDubinsPose=SE3(array([[ 9.8033973290398824e-01, -1.9731696839407337e-01,
            -1.4857156318620615e-04, -2.7251084108823571e+00],
           [ 1.8258479814442571e-01,  9.0685916205385619e-01,
             3.7982792378330626e-01,  4.2332658668825225e+00],
           [-7.4811760949041087e-02, -3.7238753226007715e-01,
             9.2505714755411383e-01,  2.4321570595376123e+00],
           [ 0.0000000000000000e+00,  0.0000000000000000e+00,
             0.0000000000000000e+00,  1.0000000000000000e+00]])),maxAnglePerElbow=1.5707963267948966,path=PathCSC(tDirMag=array([ 0.9803397329039882,  0.1825847981444257, -0.0748117609490411,
        0.                ]), r=1, startPosition=array([-2.725108410882357 ,  4.2332658668825225,  2.4321570595376123]), startDir=array([ 0.9803397329039882,  0.1825847981444257, -0.0748117609490411]), endPosition=array([-2.725108410882357 ,  4.2332658668825225,  2.4321570595376123]), endDir=array([ 0.9803397329039882,  0.1825847981444257, -0.0748117609490411]), circle1sign=1, circle2sign=1),EPSILON=0.01,), LinkCSC(r=1,StartDubinsPose=SE3(array([[ 9.8033973290398824e-01, -1.9731696839407339e-01,
            -1.4857156318622000e-04,  2.1591078782960715e-01],
           [ 1.8258479814442571e-01,  9.0685916205385619e-01,
             3.7982792378330632e-01,  4.7810202613157990e+00],
           [-7.4811760949041087e-02, -3.7238753226007720e-01,
             9.2505714755411383e-01,  2.2077217766904891e+00],
           [ 0.0000000000000000e+00,  0.0000000000000000e+00,
             0.0000000000000000e+00,  1.0000000000000000e+00]])),EndDubinsPose=SE3(array([[ 9.8033973290398824e-01, -1.9731696839407337e-01,
            -1.4857156318620615e-04,  4.4340927072695777e+00],
           [ 1.8258479814442571e-01,  9.0685916205385619e-01,
             3.7982792378330626e-01,  5.5666416825918486e+00],
           [-7.4811760949041087e-02, -3.7238753226007715e-01,
             9.2505714755411383e-01,  1.8858235542631254e+00],
           [ 0.0000000000000000e+00,  0.0000000000000000e+00,
             0.0000000000000000e+00,  1.0000000000000000e+00]])),maxAnglePerElbow=1.5707963267948966,path=PathCSC(tDirMag=array([ 0.9803397329039882,  0.1825847981444259, -0.0748117609490411,
        4.302775637731994 ]), r=1, startPosition=array([0.2159107878296072, 4.781020261315799 , 2.207721776690489 ]), startDir=array([ 0.9803397329039882,  0.1825847981444257, -0.0748117609490411]), endPosition=array([4.434092707269578 , 5.5666416825918486, 1.8858235542631254]), endDir=array([ 0.9803397329039882,  0.1825847981444257, -0.0748117609490411]), circle1sign=1, circle2sign=1),EPSILON=0.01,), LinkCSC(r=1,StartDubinsPose=SE3(array([[ 9.8033973290398824e-01, -1.9731696839407339e-01,
            -1.4857156318622000e-04,  4.4340927072695777e+00],
           [ 1.8258479814442571e-01,  9.0685916205385619e-01,
             3.7982792378330632e-01,  5.5666416825918486e+00],
           [-7.4811760949041087e-02, -3.7238753226007720e-01,
             9.2505714755411383e-01,  1.8858235542631254e+00],
           [ 0.0000000000000000e+00,  0.0000000000000000e+00,
             0.0000000000000000e+00,  1.0000000000000000e+00]])),EndDubinsPose=SE3(array([[ 0.863595125835184 , -0.4161451555920911, -0.284651836654793 ,
             6.111774271258444 ],
           [-0.3360787875558369, -0.0542762642421356, -0.9402686508093933,
             5.123466970530196 ],
           [ 0.3758384056861559,  0.9076768679531015, -0.1867302765866759,
             2.4295254797648296],
           [ 0.                ,  0.                ,  0.                ,
             1.                ]])),maxAnglePerElbow=1.5707963267948966,path=PathCSC(tDirMag=array([ 0.8635951258351845, -0.3360787875558359,  0.3758384056861554,
        1.148866723907888 ]), r=1, startPosition=array([4.434092707269578 , 5.5666416825918486, 1.8858235542631254]), startDir=array([ 0.9803397329039882,  0.1825847981444257, -0.0748117609490411]), endPosition=array([6.111774271258444 , 5.123466970530196 , 2.4295254797648296]), endDir=array([ 0.863595125835184 , -0.3360787875558369,  0.3758384056861559]), circle1sign=1, circle2sign=-1),EPSILON=0.01,), LinkCSC(r=1,StartDubinsPose=SE3(array([[ 0.863595125835184 , -0.4161451555920912, -0.284651836654793 ,
             6.111774271258444 ],
           [-0.3360787875558369, -0.0542762642421356, -0.9402686508093931,
             5.123466970530196 ],
           [ 0.3758384056861559,  0.9076768679531014, -0.1867302765866759,
             2.4295254797648296],
           [ 0.                ,  0.                ,  0.                ,
             1.                ]])),EndDubinsPose=SE3(array([[ 0.863595125835184 , -0.4161451555920912, -0.284651836654793 ,
             7.996903449479309 ],
           [-0.3360787875558369, -0.0542762642421356, -0.9402686508093931,
            -1.1701056161902592],
           [ 0.3758384056861559,  0.9076768679531014, -0.1867302765866759,
             6.4146485969521025],
           [ 0.                ,  0.                ,  0.                ,
             1.                ]])),maxAnglePerElbow=1.5707963267948966,path=PathCSC(tDirMag=array([ 0.1455839461202058, -0.8461221490703339,  0.5127208046146251,
        6.047030668631447 ]), r=1, startPosition=array([6.111774271258444 , 5.123466970530196 , 2.4295254797648296]), startDir=array([ 0.863595125835184 , -0.3360787875558369,  0.3758384056861559]), endPosition=array([ 7.996903449479309 , -1.1701056161902592,  6.4146485969521025]), endDir=array([ 0.863595125835184 , -0.3360787875558369,  0.3758384056861559]), circle1sign=1, circle2sign=-1),EPSILON=0.01,), LinkCSC(r=1,StartDubinsPose=SE3(array([[ 0.863595125835184 , -0.4161451555920911, -0.284651836654793 ,
            12.404610800762795 ],
           [-0.3360787875558369, -0.0542762642421356, -0.9402686508093931,
            -2.8854197700163358],
           [ 0.3758384056861559,  0.9076768679531014, -0.1867302765866759,
             8.332892058592126 ],
           [ 0.                ,  0.                ,  0.                ,
             1.                ]])),EndDubinsPose=SE3(array([[ 0.863595125835184 , -0.4161451555920912, -0.284651836654793 ,
            16.022154224306842 ],
           [-0.3360787875558369, -0.0542762642421356, -0.9402686508093931,
            -4.2932318006128405],
           [ 0.3758384056861559,  0.9076768679531014, -0.1867302765866759,
             9.907254525599278 ],
           [ 0.                ,  0.                ,  0.                ,
             1.                ]])),maxAnglePerElbow=1.5707963267948966,path=PathCSC(tDirMag=array([ 0.863595125835184 , -0.3360787875558368,  0.3758384056861557,
        4.188934507991249 ]), r=1, startPosition=array([12.404610800762795 , -2.8854197700163358,  8.332892058592126 ]), startDir=array([ 0.863595125835184 , -0.3360787875558369,  0.3758384056861559]), endPosition=array([16.022154224306842 , -4.2932318006128405,  9.907254525599278 ]), endDir=array([ 0.863595125835184 , -0.3360787875558369,  0.3758384056861559]), circle1sign=1, circle2sign=1),EPSILON=0.01,), LinkCSC(r=1,StartDubinsPose=SE3(array([[ 0.863595125835184 , -0.4161451555920911, -0.284651836654793 ,
            16.022154224306842 ],
           [-0.3360787875558369, -0.0542762642421356, -0.9402686508093931,
            -4.2932318006128405],
           [ 0.3758384056861559,  0.9076768679531014, -0.1867302765866759,
             9.907254525599278 ],
           [ 0.                ,  0.                ,  0.                ,
             1.                ]])),EndDubinsPose=SE3(array([[ 0.1425752711416056,  0.6331909802931324,  0.7607505994307989,
            18.15785119653445  ],
           [ 0.5706436281784727, -0.6805900211424966,  0.4595248336494613,
             1.2707447535556593],
           [ 0.8087262464383153,  0.3686006044442659, -0.4583617051250194,
            18.463075268910835 ],
           [ 0.                ,  0.                ,  0.                ,
             1.                ]])),maxAnglePerElbow=1.5707963267948966,path=PathCSC(tDirMag=array([0.1425752711417589, 0.5706436281783861, 0.8087262464383493,
       9.426938493940204 ]), r=1, startPosition=array([16.022154224306842 , -4.2932318006128405,  9.907254525599278 ]), startDir=array([ 0.863595125835184 , -0.3360787875558369,  0.3758384056861559]), endPosition=array([18.15785119653445  ,  1.2707447535556593, 18.463075268910835 ]), endDir=array([0.1425752711416056, 0.5706436281784727, 0.8087262464383153]), circle1sign=1, circle2sign=-1),EPSILON=0.01,), LinkCSC(r=1,StartDubinsPose=SE3(array([[ 0.1425752711416056,  0.6331909802931324,  0.7607505994307989,
            18.15785119653445  ],
           [ 0.5706436281784727, -0.6805900211424967,  0.4595248336494612,
             1.2707447535556593],
           [ 0.8087262464383153,  0.3686006044442659, -0.4583617051250194,
            18.463075268910835 ],
           [ 0.                ,  0.                ,  0.                ,
             1.                ]])),EndDubinsPose=SE3(array([[-0.7845778659364049, -0.6034151674772307,  0.1425752711416056,
             7.758825851474919 ],
           [ 0.5632808891124028, -0.5975621219421877,  0.5706436281784727,
            12.252888789194134 ],
           [-0.259137438907267 ,  0.528024285500559 ,  0.8087262464383153,
            19.00775675270993  ],
           [ 0.                ,  0.                ,  0.                ,
             1.                ]])),maxAnglePerElbow=1.5707963267948966,path=PathCSC(tDirMag=array([-7.0380985195291046e-01,  7.1038832124072526e-01,
       -3.5403221145982827e-04,  1.3863150605559888e+01]), r=1, startPosition=array([18.15785119653445  ,  1.2707447535556593, 18.463075268910835 ]), startDir=array([0.1425752711416056, 0.5706436281784727, 0.8087262464383153]), endPosition=array([ 7.758825851474919, 12.252888789194134, 19.00775675270993 ]), endDir=array([-0.7845778659364049,  0.5632808891124028, -0.259137438907267 ]), circle1sign=1, circle2sign=-1),EPSILON=0.01,), LinkCSC(r=1,StartDubinsPose=SE3(array([[-0.7845778659364049, -0.6034151674772306,  0.1425752711416056,
             6.649265192729915 ],
           [ 0.5632808891124028, -0.5975621219421877,  0.5706436281784727,
            13.04948826200247  ],
           [-0.259137438907267 ,  0.5280242855005589,  0.8087262464383153,
            18.641281072088645 ],
           [ 0.                ,  0.                ,  0.                ,
             1.                ]])),EndDubinsPose=SE3(array([[ 0.1425752711416056,  0.6331909802931324,  0.7607505994307989,
             8.088808043439538 ],
           [ 0.5706436281784727, -0.6805900211424967,  0.4595248336494612,
            16.192364293384127 ],
           [ 0.8087262464383153,  0.3686006044442659, -0.4583617051250194,
            23.843135865682896 ],
           [ 0.                ,  0.                ,  0.                ,
             1.                ]])),maxAnglePerElbow=1.5707963267948966,path=PathCSC(tDirMag=array([0.394315641867412, 0.351945717595287, 0.84891070581365 ,
       4.814963064035573]), r=1, startPosition=array([ 6.649265192729915, 13.04948826200247 , 18.641281072088645]), startDir=array([-0.7845778659364049,  0.5632808891124028, -0.259137438907267 ]), endPosition=array([ 8.088808043439538, 16.192364293384127, 23.843135865682896]), endDir=array([0.1425752711416056, 0.5706436281784727, 0.8087262464383153]), circle1sign=1, circle2sign=-1),EPSILON=0.01,)], parents=[-1, 0, 1, 2, 3, 4, 5, 6], children=[[1], [2], [3], [4], [5], [6], [7], []], boundingBall=<geometryHelpers.Ball object at 0x7bab8b5890d0>)