=== Serialized Tree ===
KinematicTree(root=PrismaticJoint(numSides=4, r=1, neutralLength=3, numLayers=3, coneAngle=0.6283185307179586, Pose=SE3(array([[ 0.5067032593246152, -0.0152816200037893,  0.8619850805436668,
            -0.2357036321027284],
           [ 0.4234498143606933, -0.8665139970043747, -0.2642796770722204,
            -0.8594257383478432],
           [ 0.7509607590997721,  0.4989187960836539, -0.4325944673787814,
            -0.1892915010266369],
           [ 0.                ,  0.                ,  0.                ,
             1.                ]])), initialState=0), maxAnglePerElbow=0.3141592653589793, joints=[PrismaticJoint(numSides=4, r=1, neutralLength=3, numLayers=3, coneAngle=0.6283185307179586, Pose=SE3(array([[ 0.5067032593246152, -0.0152816200037893,  0.8619850805436668,
            -0.2357036321027284],
           [ 0.4234498143606933, -0.8665139970043747, -0.2642796770722204,
            -0.8594257383478432],
           [ 0.7509607590997721,  0.4989187960836539, -0.4325944673787814,
            -0.1892915010266369],
           [ 0.                ,  0.                ,  0.                ,
             1.                ]])), initialState=0), RevoluteJoint(numSides=4, r=1, totalBendingAngle=3.141592653589793, Pose=SE3(array([[ 8.1935598008333910e-01, -4.4374847078872592e-01,
             3.6296428553555787e-01,  1.6498917045509081e+01],
           [ 3.8656500675047606e-01, -3.9888881306105038e-02,
            -9.2139913864956047e-01, -3.9949414112726252e+01],
           [ 4.2334769806587474e-01,  8.9526318578438968e-01,
             1.3885443716896562e-01,  9.3925166852815885e+00],
           [ 0.0000000000000000e+00,  0.0000000000000000e+00,
             0.0000000000000000e+00,  1.0000000000000000e+00]])), numSinkLayers=1, initialState=0), RevoluteJoint(numSides=4, r=1, totalBendingAngle=3.141592653589793, Pose=SE3(array([[ 8.4455923302201574e-01, -5.3503965510053508e-01,
            -2.1266626134978959e-02, -4.5604579328933195e+00],
           [ 3.2380363009153751e-01,  5.4194897668465225e-01,
            -7.7552725020465996e-01, -1.1834239617135566e+02],
           [ 4.2646325874195445e-01,  6.4809248887821480e-01,
             6.3095579465033369e-01,  9.6268795391410279e+01],
           [ 0.0000000000000000e+00,  0.0000000000000000e+00,
             0.0000000000000000e+00,  1.0000000000000000e+00]])), numSinkLayers=1, initialState=0), PrismaticJoint(numSides=4, r=1, neutralLength=3, numLayers=3, coneAngle=0.6283185307179586, Pose=SE3(array([[ 9.3090557837570476e-01, -3.6276754240792308e-01,
            -4.2597116384920572e-02, -5.0831450474813096e+00],
           [ 3.4163626709581890e-01,  9.0601666168044159e-01,
            -2.4983688631237536e-01, -3.4293164927989778e+01],
           [ 1.2922641043466707e-01,  2.1802183132141659e-01,
             9.6735051347142353e-01,  1.1795323444751973e+02],
           [ 0.0000000000000000e+00,  0.0000000000000000e+00,
             0.0000000000000000e+00,  1.0000000000000000e+00]])), initialState=0), Waypoint(numSides=4, r=1, Pose=SE3(array([[ -0.2911076071509762,  -0.5299891838284452,   0.7964721125586832,
             33.633362954668094 ],
           [  0.9528277459200476,  -0.0858815909479684,   0.2911076071509763,
            -18.814830645005497 ],
           [ -0.0858815909479684,   0.8436443666386356,   0.5299891838284451,
            -18.107668305318565 ],
           [  0.                ,   0.                ,   0.                ,
              1.                ]])), pathIndex=2), Waypoint(numSides=4, r=1, Pose=SE3(array([[-0.2911076071509762, -0.5299891838284452,  0.7964721125586832,
            64.35417235113707  ],
           [ 0.9528277459200476, -0.0858815909479684,  0.2911076071509763,
            -7.586488594939814 ],
           [-0.0858815909479684,  0.8436443666386356,  0.5299891838284451,
             2.3346000953646993],
           [ 0.                ,  0.                ,  0.                ,
             1.                ]])), pathIndex=2), RevoluteJoint(numSides=4, r=1, totalBendingAngle=3.141592653589793, Pose=SE3(array([[ 6.9584990890243448e-02,  2.5480674006102905e-01,
             9.6448507207850342e-01,  7.7363378573030730e+01],
           [ 7.9880853578534217e-01, -5.9336206787918899e-01,
             9.9128096716372516e-02,  6.0745841904935913e+00],
           [ 5.9754736397986263e-01,  7.6354108050687364e-01,
            -2.4483089302437622e-01, -1.2974329875399480e+01],
           [ 0.0000000000000000e+00,  0.0000000000000000e+00,
             0.0000000000000000e+00,  1.0000000000000000e+00]])), numSinkLayers=1, initialState=0), Waypoint(numSides=4, r=1, Pose=SE3(array([[ -0.2911076071509762,  -0.5299891838284452,   0.7964721125586832,
              3.79684009350368  ],
           [  0.9528277459200476,  -0.0858815909479684,   0.2911076071509763,
             27.60273239334073  ],
           [ -0.0858815909479684,   0.8436443666386356,   0.5299891838284451,
            -10.934007357150083 ],
           [  0.                ,   0.                ,   0.                ,
              1.                ]])), pathIndex=2), Waypoint(numSides=4, r=1, Pose=SE3(array([[-0.2911076071509762, -0.5299891838284452,  0.7964721125586832,
            45.72923041987439  ],
           [ 0.9528277459200476, -0.0858815909479684,  0.2911076071509763,
            42.92886574760947  ],
           [-0.0858815909479684,  0.8436443666386356,  0.5299891838284451,
            16.968681229968    ],
           [ 0.                ,  0.                ,  0.                ,
             1.                ]])), pathIndex=2), PrismaticJoint(numSides=4, r=1, neutralLength=3, numLayers=3, coneAngle=0.6283185307179586, Pose=SE3(array([[ 8.8708112313044474e-01,  4.2302230677096225e-01,
            -1.8476798683701345e-01, -1.0716330898122956e+02],
           [ 1.8745263567509665e-01,  3.5665620208807168e-02,
             9.8162593329311587e-01,  5.6425716333167873e+02],
           [ 4.2183953153312731e-01, -9.0541708152060796e-01,
            -4.7658347921603603e-02, -2.6777897923855136e+01],
           [ 0.0000000000000000e+00,  0.0000000000000000e+00,
             0.0000000000000000e+00,  1.0000000000000000e+00]])), initialState=0), RevoluteJoint(numSides=4, r=1, totalBendingAngle=3.141592653589793, Pose=SE3(array([[ 6.4903284999272304e-01, -4.4100254620632912e-01,
             6.1989766403000590e-01,  4.8847394639390821e+01],
           [ 3.2478404543247580e-01,  8.9747328481514121e-01,
             2.9842423975883053e-01,  2.3311091830409644e+01],
           [-6.8794744236957461e-01,  7.6457362402215798e-03,
             7.2572023483881576e-01,  6.2414368500180537e+01],
           [ 0.0000000000000000e+00,  0.0000000000000000e+00,
             0.0000000000000000e+00,  1.0000000000000000e+00]])), numSinkLayers=1, initialState=0), PrismaticJoint(numSides=4, r=1, neutralLength=3, numLayers=3, coneAngle=0.6283185307179586, Pose=SE3(array([[ 3.0387611642947671e-01,  2.6166537856441008e-01,
             9.1607343347816994e-01,  1.4908848064994942e+02],
           [ 6.7919265718838673e-01, -7.3379209687119662e-01,
            -1.5700095246559367e-02, -3.5739297158261563e+00],
           [ 6.6809927427375482e-01,  6.2696123343482446e-01,
            -4.0070309642522833e-01, -5.9223404721346213e+01],
           [ 0.0000000000000000e+00,  0.0000000000000000e+00,
             0.0000000000000000e+00,  1.0000000000000000e+00]])), initialState=0), RevoluteJoint(numSides=4, r=1, totalBendingAngle=3.141592653589793, Pose=SE3(array([[ 8.4986005264305742e-01, -5.2259887432523733e-01,
            -6.8031665241522002e-02, -5.8386725078189059e+01],
           [ 3.2110893642003263e-01,  6.1585167483912617e-01,
            -7.1945518661626084e-01, -6.4452782647243339e+02],
           [ 4.1788388563419748e-01,  5.8959064710342746e-01,
             6.9119890550797802e-01,  6.1842992320534938e+02],
           [ 0.0000000000000000e+00,  0.0000000000000000e+00,
             0.0000000000000000e+00,  1.0000000000000000e+00]])), numSinkLayers=1, initialState=0), Waypoint(numSides=4, r=1, Pose=SE3(array([[-2.9110760715097622e-01, -5.2998918382844518e-01,
             7.9647211255868322e-01,  2.4935790888860924e+02],
           [ 9.5282774592004760e-01, -8.5881590947968406e-02,
             2.9110760715097633e-01,  2.4783348974727735e+02],
           [-8.5881590947968420e-02,  8.4364436663863562e-01,
             5.2998918382844507e-01, -3.5237987195389218e+02],
           [ 0.0000000000000000e+00,  0.0000000000000000e+00,
             0.0000000000000000e+00,  1.0000000000000000e+00]])), pathIndex=2), Waypoint(numSides=4, r=1, Pose=SE3(array([[-2.9110760715097622e-01, -5.2998918382844518e-01,
             7.9647211255868322e-01,  2.5800779535993615e+02],
           [ 9.5282774592004760e-01, -8.5881590947968406e-02,
             2.9110760715097633e-01,  2.5099499121492610e+02],
           [-8.5881590947968420e-02,  8.4364436663863562e-01,
             5.2998918382844507e-01, -3.4662405677987442e+02],
           [ 0.0000000000000000e+00,  0.0000000000000000e+00,
             0.0000000000000000e+00,  1.0000000000000000e+00]])), pathIndex=2), PrismaticJoint(numSides=4, r=1, neutralLength=3, numLayers=3, coneAngle=0.6283185307179586, Pose=SE3(array([[ 9.2296770722939658e-01, -2.9351017908926230e-01,
             2.4896262005108372e-01,  4.3030663526557717e+01],
           [ 3.7202984388051996e-01,  8.4610359536146640e-01,
            -3.8170996997541973e-01, -7.0804157532438438e+01],
           [-9.8612406288190291e-02,  4.4492750048450469e-01,
             8.9012084159324345e-01,  1.6603592656807166e+02],
           [ 0.0000000000000000e+00,  0.0000000000000000e+00,
             0.0000000000000000e+00,  1.0000000000000000e+00]])), initialState=0), RevoluteJoint(numSides=4, r=1, totalBendingAngle=3.141592653589793, Pose=SE3(array([[ 8.1539998547068626e-01, -2.5279327764231430e-01,
             5.2078635012187158e-01,  8.2422805399825620e+01],
           [ 2.6531796473773400e-01,  9.6276198419562464e-01,
             5.1920510158612855e-02,  2.9963045308239291e+00],
           [-5.1451845572518706e-01,  9.5837991248564361e-02,
             8.5210670584828108e-01,  1.3746363279859582e+02],
           [ 0.0000000000000000e+00,  0.0000000000000000e+00,
             0.0000000000000000e+00,  1.0000000000000000e+00]])), numSinkLayers=1, initialState=0), Waypoint(numSides=4, r=1, Pose=SE3(array([[-2.9110760715097622e-01, -5.2998918382844518e-01,
             7.9647211255868322e-01, -1.0579715918494119e+02],
           [ 9.5282774592004760e-01, -8.5881590947968406e-02,
             2.9110760715097633e-01,  5.9508946917344190e+02],
           [-8.5881590947968420e-02,  8.4364436663863562e-01,
             5.2998918382844507e-01, -3.4817380937640806e+01],
           [ 0.0000000000000000e+00,  0.0000000000000000e+00,
             0.0000000000000000e+00,  1.0000000000000000e+00]])), pathIndex=2), Waypoint(numSides=4, r=1, Pose=SE3(array([[-2.9110760715097622e-01, -5.2998918382844518e-01,
             7.9647211255868322e-01, -4.9687399935761661e+01],
           [ 9.5282774592004760e-01, -8.5881590947968406e-02,
             2.9110760715097633e-01,  6.1559737835857675e+02],
           [-8.5881590947968420e-02,  8.4364436663863562e-01,
             5.2998918382844507e-01,  2.5192251285159344e+00],
           [ 0.0000000000000000e+00,  0.0000000000000000e+00,
             0.0000000000000000e+00,  1.0000000000000000e+00]])), pathIndex=2), PrismaticJoint(numSides=4, r=1, neutralLength=3, numLayers=3, coneAngle=0.6283185307179586, Pose=SE3(array([[ 9.7928888133838454e-01, -1.3360468123023495e-01,
            -1.5212848530233530e-01, -7.2674561819237368e+01],
           [ 2.0208277486195350e-01,  5.9865698692403979e-01,
             7.7509506778918613e-01,  3.7358297588879003e+02],
           [-1.2483548818687422e-02, -7.8978452831161328e-01,
             6.1325733574780339e-01,  3.0269913971882221e+02],
           [ 0.0000000000000000e+00,  0.0000000000000000e+00,
             0.0000000000000000e+00,  1.0000000000000000e+00]])), initialState=0)], links=[LinkCSC(r=1,StartDubinsPose=SE3(array([[ 0.8619850805436666,  0.5067032593246152, -0.0152816200037893,
            -1.5286812529182288],
           [-0.2642796770722204,  0.4234498143606933, -0.8665139970043746,
            -0.4630062227395125],
           [-0.4325944673787813,  0.7509607590997721,  0.4989187960836537,
             0.4596002000415351],
           [ 0.                ,  0.                ,  0.                ,
             1.                ]])),EndDubinsPose=SE3(array([[ 0.8619850805436666,  0.5067032593246152, -0.0152816200037893,
            -1.5286812529182288],
           [-0.2642796770722204,  0.4234498143606933, -0.8665139970043746,
            -0.4630062227395125],
           [-0.4325944673787813,  0.7509607590997721,  0.4989187960836537,
             0.4596002000415351],
           [ 0.                ,  0.                ,  0.                ,
             1.                ]])),maxAnglePerElbow=0.3141592653589793,path=PathCSC(tDirMag=array([ 8.6198508023077935e-01, -2.6427967855181955e-01,
       -4.3259446709832500e-01,  5.8398951246243754e-22]), r=1, startPosition=array([-1.5286812529182288, -0.4630062227395125,  0.4596002000415351]), startDir=array([ 0.8619850805436667, -0.2642796770722204, -0.4325944673787813]), endPosition=array([-1.5286812529182288, -0.4630062227395125,  0.4596002000415351]), endDir=array([ 0.8619850805436667, -0.2642796770722204, -0.4325944673787813]), circle1sign=1, circle2sign=1),EPSILON=0.01,), LinkCSC(r=1,StartDubinsPose=SE3(array([[ 0.8619850805436667,  0.5067032593246154, -0.0152816200037894,
             1.057273988712772 ],
           [-0.2642796770722204,  0.4234498143606933, -0.8665139970043746,
            -1.2558452539561737],
           [-0.4325944673787813,  0.7509607590997722,  0.4989187960836538,
            -0.838183202094809 ],
           [ 0.                ,  0.                ,  0.                ,
             1.                ]])),EndDubinsPose=SE3(array([[ 8.1935598008333921e-01, -4.4374847078872598e-01,
             3.6296428553555787e-01,  1.5919544875786404e+01],
           [ 3.8656500675047617e-01, -3.9888881306105059e-02,
            -9.2139913864956047e-01, -4.0222756850368938e+01],
           [ 4.2334769806587480e-01,  8.9526318578438979e-01,
             1.3885443716896562e-01,  9.0931646571794928e+00],
           [ 0.0000000000000000e+00,  0.0000000000000000e+00,
             0.0000000000000000e+00,  1.0000000000000000e+00]])),maxAnglePerElbow=0.3141592653589793,path=PathCSC(tDirMag=array([ 0.3168310814762588, -0.9202171169121225,  0.2298228090345375,
       40.940337024084926 ]), r=1, startPosition=array([ 1.057273988712772 , -1.2558452539561737, -0.838183202094809 ]), startDir=array([ 0.8619850805436667, -0.2642796770722204, -0.4325944673787813]), endPosition=array([ 15.919544875786404, -40.22275685036894 ,   9.093164657179493]), endDir=array([0.8193559800833392, 0.3865650067504762, 0.4233476980658748]), circle1sign=1, circle2sign=-1),EPSILON=0.01,), LinkCSC(r=1,StartDubinsPose=SE3(array([[  0.8193559800833391,  -0.4437484707887259,   0.3629642855355579,
             17.07828921523176  ],
           [  0.3865650067504761,  -0.039888881306105 ,  -0.9213991386495605,
            -39.676071375083566 ],
           [  0.4233476980658747,   0.8952631857843897,   0.1388544371689656,
              9.691868713383684 ],
           [  0.                ,   0.                ,   0.                ,
              1.                ]])),EndDubinsPose=SE3(array([[ 8.4455923302201574e-01, -5.3503965510053508e-01,
            -2.1266626134978959e-02, -5.1576514936768962e+00],
           [ 3.2380363009153751e-01,  5.4194897668465225e-01,
            -7.7552725020465996e-01, -1.1857135991396621e+02],
           [ 4.2646325874195445e-01,  6.4809248887821480e-01,
             6.3095579465033369e-01,  9.5967240329226925e+01],
           [ 0.0000000000000000e+00,  0.0000000000000000e+00,
             0.0000000000000000e+00,  1.0000000000000000e+00]])),maxAnglePerElbow=0.3141592653589793,path=PathCSC(tDirMag=array([ -0.201976845799816 ,  -0.6684248029800918,   0.7158307317528236,
       116.99594935361789  ]), r=1, startPosition=array([ 17.07828921523176 , -39.676071375083566,   9.691868713383684]), startDir=array([0.8193559800833392, 0.3865650067504761, 0.4233476980658748]), endPosition=array([  -5.157651493676896, -118.5713599139662  ,   95.96724032922693 ]), endDir=array([0.8445592330220157, 0.3238036300915375, 0.4264632587419545]), circle1sign=1, circle2sign=-1),EPSILON=0.01,), LinkCSC(r=1,StartDubinsPose=SE3(array([[ 8.4455923302201574e-01, -5.3503965510053508e-01,
            -2.1266626134978959e-02, -3.9632643721097427e+00],
           [ 3.2380363009153751e-01,  5.4194897668465225e-01,
            -7.7552725020465996e-01, -1.1811343242874511e+02],
           [ 4.2646325874195445e-01,  6.4809248887821480e-01,
             6.3095579465033369e-01,  9.6570350453593633e+01],
           [ 0.0000000000000000e+00,  0.0000000000000000e+00,
             0.0000000000000000e+00,  1.0000000000000000e+00]])),EndDubinsPose=SE3(array([[-4.2597116384920572e-02,  9.3090557837570465e-01,
            -3.6276754240792303e-01, -5.0192493729039285e+00],
           [-2.4983688631237536e-01,  3.4163626709581885e-01,
             9.0601666168044148e-01, -3.3918409598521215e+01],
           [ 9.6735051347142353e-01,  1.2922641043466704e-01,
             2.1802183132141656e-01,  1.1650220867731259e+02],
           [ 0.0000000000000000e+00,  0.0000000000000000e+00,
             0.0000000000000000e+00,  1.0000000000000000e+00]])),maxAnglePerElbow=0.3141592653589793,path=PathCSC(tDirMag=array([-1.8187678918200719e-02,  9.7619830403325281e-01,
        2.1611589376575147e-01,  8.4598835256604119e+01]), r=1, startPosition=array([  -3.9632643721097427, -118.11343242874511  ,
         96.57035045359363  ]), startDir=array([0.8445592330220157, 0.3238036300915375, 0.4264632587419545]), endPosition=array([ -5.0192493729039285, -33.918409598521215 , 116.5022086773126   ]), endDir=array([-0.0425971163849206, -0.2498368863123754,  0.9673505134714235]), circle1sign=1, circle2sign=-1),EPSILON=0.01,), LinkCSC(r=1,StartDubinsPose=SE3(array([[  0.8193559800833391,  -0.4437484707887259,   0.3629642855355579,
             17.07828921523176  ],
           [  0.3865650067504761,  -0.039888881306105 ,  -0.9213991386495605,
            -39.676071375083566 ],
           [  0.4233476980658747,   0.8952631857843897,   0.1388544371689656,
              9.691868713383684 ],
           [  0.                ,   0.                ,   0.                ,
              1.                ]])),EndDubinsPose=SE3(array([[  0.796472112558683 ,  -0.2911076071509763,  -0.5299891838284451,
             33.633362954668094 ],
           [  0.2911076071509763,   0.9528277459200476,  -0.0858815909479684,
            -18.814830645005497 ],
           [  0.529989183828445 ,  -0.0858815909479685,   0.8436443666386356,
            -18.107668305318565 ],
           [  0.                ,   0.                ,   0.                ,
              1.                ]])),maxAnglePerElbow=0.3141592653589793,path=PathCSC(tDirMag=array([ 0.3965154226968396,  0.5305929501738554, -0.7491639612190053,
       36.485177842489605 ]), r=1, startPosition=array([ 17.07828921523176 , -39.676071375083566,   9.691868713383684]), startDir=array([0.8193559800833392, 0.3865650067504761, 0.4233476980658748]), endPosition=array([ 33.633362954668094, -18.814830645005497, -18.107668305318565]), endDir=array([0.7964721125586832, 0.2911076071509763, 0.5299891838284451]), circle1sign=1, circle2sign=-1),EPSILON=0.01,), LinkCSC(r=1,StartDubinsPose=SE3(array([[  0.7964721125586832,  -0.2911076071509763,  -0.5299891838284452,
             33.633362954668094 ],
           [  0.2911076071509763,   0.9528277459200476,  -0.0858815909479684,
            -18.814830645005497 ],
           [  0.5299891838284451,  -0.0858815909479685,   0.8436443666386355,
            -18.107668305318565 ],
           [  0.                ,   0.                ,   0.                ,
              1.                ]])),EndDubinsPose=SE3(array([[ 0.796472112558683 , -0.2911076071509763, -0.5299891838284451,
            64.35417235113707  ],
           [ 0.2911076071509763,  0.9528277459200476, -0.0858815909479684,
            -7.586488594939814 ],
           [ 0.529989183828445 , -0.0858815909479685,  0.8436443666386356,
             2.3346000953646993],
           [ 0.                ,  0.                ,  0.                ,
             1.                ]])),maxAnglePerElbow=0.3141592653589793,path=PathCSC(tDirMag=array([ 0.7964721125586832,  0.2911076071509763,  0.529989183828445 ,
       38.571104891265726 ]), r=1, startPosition=array([ 33.633362954668094, -18.814830645005497, -18.107668305318565]), startDir=array([0.796472112558683 , 0.2911076071509763, 0.529989183828445 ]), endPosition=array([64.35417235113707  , -7.586488594939814 ,  2.3346000953646993]), endDir=array([0.7964721125586832, 0.2911076071509763, 0.5299891838284451]), circle1sign=1, circle2sign=1),EPSILON=0.01,), LinkCSC(r=1,StartDubinsPose=SE3(array([[ 0.7964721125586832, -0.2911076071509763, -0.5299891838284452,
            64.35417235113707  ],
           [ 0.2911076071509763,  0.9528277459200476, -0.0858815909479684,
            -7.586488594939814 ],
           [ 0.5299891838284451, -0.0858815909479685,  0.8436443666386355,
             2.3346000953646993],
           [ 0.                ,  0.                ,  0.                ,
             1.                ]])),EndDubinsPose=SE3(array([[ 6.9584990890243434e-02,  2.5480674006102899e-01,
             9.6448507207850342e-01,  7.7314174554103431e+01],
           [ 7.9880853578534228e-01, -5.9336206787918888e-01,
             9.9128096716372516e-02,  5.5097412579700791e+00],
           [ 5.9754736397986263e-01,  7.6354108050687364e-01,
            -2.4483089302437622e-01, -1.3396859668549787e+01],
           [ 0.0000000000000000e+00,  0.0000000000000000e+00,
             0.0000000000000000e+00,  1.0000000000000000e+00]])),maxAnglePerElbow=0.3141592653589793,path=PathCSC(tDirMag=array([ 0.5095121904750655,  0.5029197624025693, -0.6981898311650236,
       22.190112315250843 ]), r=1, startPosition=array([64.35417235113707  , -7.586488594939814 ,  2.3346000953646993]), startDir=array([0.796472112558683 , 0.2911076071509763, 0.529989183828445 ]), endPosition=array([ 77.31417455410343 ,   5.509741257970079, -13.396859668549787]), endDir=array([0.0695849908902434, 0.7988085357853423, 0.5975473639798626]), circle1sign=1, circle2sign=-1),EPSILON=0.01,), LinkCSC(r=1,StartDubinsPose=SE3(array([[ 0.8619850805436667,  0.5067032593246154, -0.0152816200037894,
             1.057273988712772 ],
           [-0.2642796770722204,  0.4234498143606933, -0.8665139970043746,
            -1.2558452539561737],
           [-0.4325944673787813,  0.7509607590997722,  0.4989187960836538,
            -0.838183202094809 ],
           [ 0.                ,  0.                ,  0.                ,
             1.                ]])),EndDubinsPose=SE3(array([[  0.796472112558683 ,  -0.2911076071509763,  -0.5299891838284451,
              3.79684009350368  ],
           [  0.2911076071509763,   0.9528277459200476,  -0.0858815909479684,
             27.60273239334073  ],
           [  0.529989183828445 ,  -0.0858815909479685,   0.8436443666386356,
            -10.934007357150083 ],
           [  0.                ,   0.                ,   0.                ,
              1.                ]])),maxAnglePerElbow=0.3141592653589793,path=PathCSC(tDirMag=array([ 0.0362549143014665,  0.9433994564279083, -0.3296711191483426,
       28.663969148479698 ]), r=1, startPosition=array([ 1.057273988712772 , -1.2558452539561737, -0.838183202094809 ]), startDir=array([ 0.8619850805436667, -0.2642796770722204, -0.4325944673787813]), endPosition=array([  3.79684009350368 ,  27.60273239334073 , -10.934007357150083]), endDir=array([0.7964721125586832, 0.2911076071509763, 0.5299891838284451]), circle1sign=1, circle2sign=-1),EPSILON=0.01,), LinkCSC(r=1,StartDubinsPose=SE3(array([[  0.7964721125586832,  -0.2911076071509763,  -0.5299891838284452,
              3.79684009350368  ],
           [  0.2911076071509763,   0.9528277459200476,  -0.0858815909479684,
             27.60273239334073  ],
           [  0.5299891838284451,  -0.0858815909479685,   0.8436443666386355,
            -10.934007357150083 ],
           [  0.                ,   0.                ,   0.                ,
              1.                ]])),EndDubinsPose=SE3(array([[ 0.796472112558683 , -0.2911076071509763, -0.5299891838284451,
            45.72923041987439  ],
           [ 0.2911076071509763,  0.9528277459200476, -0.0858815909479684,
            42.92886574760947  ],
           [ 0.529989183828445 , -0.0858815909479685,  0.8436443666386356,
            16.968681229968    ],
           [ 0.                ,  0.                ,  0.                ,
             1.                ]])),maxAnglePerElbow=0.3141592653589793,path=PathCSC(tDirMag=array([ 0.7964721125586831,  0.2911076071509762,  0.5299891838284451,
       52.647656666423686 ]), r=1, startPosition=array([  3.79684009350368 ,  27.60273239334073 , -10.934007357150083]), startDir=array([0.796472112558683 , 0.2911076071509763, 0.529989183828445 ]), endPosition=array([45.72923041987439, 42.92886574760947, 16.968681229968  ]), endDir=array([0.7964721125586832, 0.2911076071509763, 0.5299891838284451]), circle1sign=1, circle2sign=1),EPSILON=0.01,), LinkCSC(r=1,StartDubinsPose=SE3(array([[ 0.7964721125586832, -0.2911076071509763, -0.5299891838284452,
            45.72923041987439  ],
           [ 0.2911076071509763,  0.9528277459200476, -0.0858815909479684,
            42.92886574760947  ],
           [ 0.5299891838284451, -0.0858815909479685,  0.8436443666386355,
            16.968681229968    ],
           [ 0.                ,  0.                ,  0.                ,
             1.                ]])),EndDubinsPose=SE3(array([[-1.8476798683701345e-01,  8.8708112313044485e-01,
             4.2302230677096220e-01, -1.0688615700097404e+02],
           [ 9.8162593329311587e-01,  1.8745263567509668e-01,
             3.5665620208807168e-02,  5.6278472443173905e+02],
           [-4.7658347921603603e-02,  4.2183953153312737e-01,
            -9.0541708152060796e-01, -2.6706410401972729e+01],
           [ 0.0000000000000000e+00,  0.0000000000000000e+00,
             0.0000000000000000e+00,  1.0000000000000000e+00]])),maxAnglePerElbow=0.3141592653589793,path=PathCSC(tDirMag=array([-2.822394503968723e-01,  9.558910847289381e-01,
       -8.132113363330376e-02,  5.424452923056866e+02]), r=1, startPosition=array([45.72923041987439, 42.92886574760947, 16.968681229968  ]), startDir=array([0.796472112558683 , 0.2911076071509763, 0.529989183828445 ]), endPosition=array([-106.88615700097404,  562.784724431739  ,  -26.70641040197273]), endDir=array([-0.1847679868370135,  0.9816259332931159, -0.0476583479216036]), circle1sign=1, circle2sign=-1),EPSILON=0.01,), LinkCSC(r=1,StartDubinsPose=SE3(array([[-1.8476798683701345e-01,  8.8708112313044485e-01,
             4.2302230677096214e-01, -1.0744046096148509e+02],
           [ 9.8162593329311587e-01,  1.8745263567509668e-01,
             3.5665620208807154e-02,  5.6572960223161840e+02],
           [-4.7658347921603603e-02,  4.2183953153312731e-01,
            -9.0541708152060796e-01, -2.6849385445737543e+01],
           [ 0.0000000000000000e+00,  0.0000000000000000e+00,
             0.0000000000000000e+00,  1.0000000000000000e+00]])),EndDubinsPose=SE3(array([[ 6.4903284999272304e-01, -4.4100254620632912e-01,
             6.1989766403000590e-01,  4.8388459109948137e+01],
           [ 3.2478404543247580e-01,  8.9747328481514121e-01,
             2.9842423975883053e-01,  2.3081434829463142e+01],
           [-6.8794744236957461e-01,  7.6457362402215798e-03,
             7.2572023483881576e-01,  6.2900820801780007e+01],
           [ 0.0000000000000000e+00,  0.0000000000000000e+00,
             0.0000000000000000e+00,  1.0000000000000000e+00]])),maxAnglePerElbow=0.3141592653589793,path=PathCSC(tDirMag=array([ 2.6896632568834850e-01, -9.5046382421829889e-01,
        1.5580640069662016e-01,  5.7055318394457504e+02]), r=1, startPosition=array([-107.44046096148509 ,  565.7296022316184  ,  -26.849385445737543]), startDir=array([-0.1847679868370135,  0.9816259332931159, -0.0476583479216036]), endPosition=array([48.38845910994814, 23.08143482946314, 62.90082080178001]), endDir=array([ 0.649032849992723 ,  0.3247840454324758, -0.6879474423695746]), circle1sign=1, circle2sign=-1),EPSILON=0.01,), LinkCSC(r=1,StartDubinsPose=SE3(array([[ 6.4903284999272304e-01, -4.4100254620632912e-01,
             6.1989766403000590e-01,  4.9306330168833505e+01],
           [ 3.2478404543247580e-01,  8.9747328481514121e-01,
             2.9842423975883053e-01,  2.3540748831356147e+01],
           [-6.8794744236957461e-01,  7.6457362402215798e-03,
             7.2572023483881576e-01,  6.1927916198581066e+01],
           [ 0.0000000000000000e+00,  0.0000000000000000e+00,
             0.0000000000000000e+00,  1.0000000000000000e+00]])),EndDubinsPose=SE3(array([[ 9.1607343347816994e-01,  3.0387611642947665e-01,
             2.6166537856441008e-01,  1.4771437049973215e+02],
           [-1.5700095246559367e-02,  6.7919265718838673e-01,
            -7.3379209687119651e-01, -3.5503795729563170e+00],
           [-4.0070309642522833e-01,  6.6809927427375471e-01,
             6.2696123343482446e-01, -5.8622350076708372e+01],
           [ 0.0000000000000000e+00,  0.0000000000000000e+00,
             0.0000000000000000e+00,  1.0000000000000000e+00]])),maxAnglePerElbow=0.3141592653589793,path=PathCSC(tDirMag=array([  0.6222371515967805,  -0.1725114738777056,  -0.7635841267033168,
       156.99206436024548  ]), r=1, startPosition=array([49.306330168833505, 23.540748831356147, 61.927916198581066]), startDir=array([ 0.649032849992723 ,  0.3247840454324758, -0.6879474423695746]), endPosition=array([147.71437049973215 ,  -3.550379572956317, -58.62235007670837 ]), endDir=array([ 0.9160734334781699, -0.0157000952465594, -0.4007030964252283]), circle1sign=1, circle2sign=-1),EPSILON=0.01,), LinkCSC(r=1,StartDubinsPose=SE3(array([[ 9.1607343347816994e-01,  3.0387611642947665e-01,
             2.6166537856441008e-01,  1.5046259080016668e+02],
           [-1.5700095246559367e-02,  6.7919265718838684e-01,
            -7.3379209687119651e-01, -3.5974798586959955e+00],
           [-4.0070309642522833e-01,  6.6809927427375471e-01,
             6.2696123343482446e-01, -5.9824459365984055e+01],
           [ 0.0000000000000000e+00,  0.0000000000000000e+00,
             0.0000000000000000e+00,  1.0000000000000000e+00]])),EndDubinsPose=SE3(array([[ 8.4986005264305753e-01, -5.2259887432523722e-01,
            -6.8031665241522002e-02, -5.8987666884472524e+01],
           [ 3.2110893642003269e-01,  6.1585167483912606e-01,
            -7.1945518661626084e-01, -6.4475488477887563e+02],
           [ 4.1788388563419754e-01,  5.8959064710342735e-01,
             6.9119890550797802e-01,  6.1813443467606885e+02],
           [ 0.0000000000000000e+00,  0.0000000000000000e+00,
             0.0000000000000000e+00,  1.0000000000000000e+00]])),maxAnglePerElbow=0.3141592653589793,path=PathCSC(tDirMag=array([-2.2139871741209985e-01, -6.7013492888614790e-01,
        7.0845026996609628e-01,  9.5446057376870783e+02]), r=1, startPosition=array([150.46259080016668  ,  -3.5974798586959955, -59.824459365984055 ]), startDir=array([ 0.9160734334781699, -0.0157000952465594, -0.4007030964252283]), endPosition=array([ -58.987666884472524, -644.7548847788756  ,  618.1344346760688  ]), endDir=array([0.8498600526430575, 0.3211089364200327, 0.4178838856341975]), circle1sign=1, circle2sign=-1),EPSILON=0.01,), LinkCSC(r=1,StartDubinsPose=SE3(array([[ 6.4903284999272304e-01, -4.4100254620632912e-01,
             6.1989766403000590e-01,  4.9306330168833505e+01],
           [ 3.2478404543247580e-01,  8.9747328481514121e-01,
             2.9842423975883053e-01,  2.3540748831356147e+01],
           [-6.8794744236957461e-01,  7.6457362402215798e-03,
             7.2572023483881576e-01,  6.1927916198581066e+01],
           [ 0.0000000000000000e+00,  0.0000000000000000e+00,
             0.0000000000000000e+00,  1.0000000000000000e+00]])),EndDubinsPose=SE3(array([[ 7.9647211255868300e-01, -2.9110760715097628e-01,
            -5.2998918382844507e-01,  2.4935790888860924e+02],
           [ 2.9110760715097628e-01,  9.5282774592004760e-01,
            -8.5881590947968350e-02,  2.4783348974727735e+02],
           [ 5.2998918382844495e-01, -8.5881590947968489e-02,
             8.4364436663863562e-01, -3.5237987195389218e+02],
           [ 0.0000000000000000e+00,  0.0000000000000000e+00,
             0.0000000000000000e+00,  1.0000000000000000e+00]])),maxAnglePerElbow=0.3141592653589793,path=PathCSC(tDirMag=array([ 3.8922675227889902e-01,  4.3768119245146475e-01,
       -8.1051693941871716e-01,  5.1053269408333318e+02]), r=1, startPosition=array([49.306330168833505, 23.540748831356147, 61.927916198581066]), startDir=array([ 0.649032849992723 ,  0.3247840454324758, -0.6879474423695746]), endPosition=array([ 249.35790888860924,  247.83348974727735, -352.3798719538922 ]), endDir=array([0.7964721125586832, 0.2911076071509763, 0.5299891838284451]), circle1sign=1, circle2sign=-1),EPSILON=0.01,), LinkCSC(r=1,StartDubinsPose=SE3(array([[ 7.9647211255868322e-01, -2.9110760715097628e-01,
            -5.2998918382844518e-01,  2.4935790888860924e+02],
           [ 2.9110760715097633e-01,  9.5282774592004760e-01,
            -8.5881590947968364e-02,  2.4783348974727735e+02],
           [ 5.2998918382844507e-01, -8.5881590947968517e-02,
             8.4364436663863551e-01, -3.5237987195389218e+02],
           [ 0.0000000000000000e+00,  0.0000000000000000e+00,
             0.0000000000000000e+00,  1.0000000000000000e+00]])),EndDubinsPose=SE3(array([[ 7.9647211255868300e-01, -2.9110760715097628e-01,
            -5.2998918382844507e-01,  2.5800779535993615e+02],
           [ 2.9110760715097628e-01,  9.5282774592004760e-01,
            -8.5881590947968350e-02,  2.5099499121492610e+02],
           [ 5.2998918382844495e-01, -8.5881590947968489e-02,
             8.4364436663863562e-01, -3.4662405677987442e+02],
           [ 0.0000000000000000e+00,  0.0000000000000000e+00,
             0.0000000000000000e+00,  1.0000000000000000e+00]])),maxAnglePerElbow=0.3141592653589793,path=PathCSC(tDirMag=array([ 0.7964721125586838,  0.2911076071509762,  0.5299891838284442,
       10.86025026480709  ]), r=1, startPosition=array([ 249.35790888860924,  247.83348974727735, -352.3798719538922 ]), startDir=array([0.796472112558683 , 0.2911076071509763, 0.529989183828445 ]), endPosition=array([ 258.00779535993615,  250.9949912149261 , -346.6240567798744 ]), endDir=array([0.7964721125586832, 0.2911076071509763, 0.5299891838284451]), circle1sign=-1, circle2sign=1),EPSILON=0.01,), LinkCSC(r=1,StartDubinsPose=SE3(array([[ 7.9647211255868322e-01, -2.9110760715097628e-01,
            -5.2998918382844518e-01,  2.5800779535993615e+02],
           [ 2.9110760715097633e-01,  9.5282774592004760e-01,
            -8.5881590947968364e-02,  2.5099499121492610e+02],
           [ 5.2998918382844507e-01, -8.5881590947968517e-02,
             8.4364436663863551e-01, -3.4662405677987442e+02],
           [ 0.0000000000000000e+00,  0.0000000000000000e+00,
             0.0000000000000000e+00,  1.0000000000000000e+00]])),EndDubinsPose=SE3(array([[ 2.4896262005108372e-01,  9.2296770722939647e-01,
            -2.9351017908926236e-01,  4.2657219596481092e+01],
           [-3.8170996997541973e-01,  3.7202984388051985e-01,
             8.4610359536146651e-01, -7.0231592577475311e+01],
           [ 8.9012084159324345e-01, -9.8612406288190249e-02,
             4.4492750048450480e-01,  1.6470074530568181e+02],
           [ 0.0000000000000000e+00,  0.0000000000000000e+00,
             0.0000000000000000e+00,  1.0000000000000000e+00]])),maxAnglePerElbow=0.3141592653589793,path=PathCSC(tDirMag=array([-3.374029160238991e-01, -5.015226624856504e-01,
        7.966393734130106e-01,  6.395265339884991e+02]), r=1, startPosition=array([ 258.00779535993615,  250.9949912149261 , -346.6240567798744 ]), startDir=array([0.796472112558683 , 0.2911076071509763, 0.529989183828445 ]), endPosition=array([ 42.65721959648109, -70.23159257747531, 164.7007453056818 ]), endDir=array([ 0.2489626200510837, -0.3817099699754197,  0.8901208415932435]), circle1sign=1, circle2sign=-1),EPSILON=0.01,), LinkCSC(r=1,StartDubinsPose=SE3(array([[ 2.4896262005108372e-01,  9.2296770722939647e-01,
            -2.9351017908926236e-01,  4.3404107456634343e+01],
           [-3.8170996997541973e-01,  3.7202984388051996e-01,
             8.4610359536146651e-01, -7.1376722487401565e+01],
           [ 8.9012084159324345e-01, -9.8612406288190263e-02,
             4.4492750048450480e-01,  1.6737110783046151e+02],
           [ 0.0000000000000000e+00,  0.0000000000000000e+00,
             0.0000000000000000e+00,  1.0000000000000000e+00]])),EndDubinsPose=SE3(array([[ 8.1539998547068626e-01, -2.5279327764231430e-01,
             5.2078635012187158e-01,  8.1846230540719887e+01],
           [ 2.6531796473773400e-01,  9.6276198419562464e-01,
             5.1920510158612855e-02,  2.8086963987872640e+00],
           [-5.1451845572518706e-01,  9.5837991248564361e-02,
             8.5210670584828108e-01,  1.3782745228768474e+02],
           [ 0.0000000000000000e+00,  0.0000000000000000e+00,
             0.0000000000000000e+00,  1.0000000000000000e+00]])),maxAnglePerElbow=0.3141592653589793,path=PathCSC(tDirMag=array([ 0.4221986963923145,  0.837624322126269 , -0.3466031675376594,
       87.09014837474946  ]), r=1, startPosition=array([ 43.40410745663434, -71.37672248740157, 167.3711078304615 ]), startDir=array([ 0.2489626200510837, -0.3817099699754197,  0.8901208415932435]), endPosition=array([ 81.84623054071989 ,   2.808696398787264, 137.82745228768474 ]), endDir=array([ 0.8153999854706863,  0.265317964737734 , -0.5145184557251871]), circle1sign=1, circle2sign=-1),EPSILON=0.01,), LinkCSC(r=1,StartDubinsPose=SE3(array([[-1.8476798683701345e-01,  8.8708112313044485e-01,
             4.2302230677096214e-01, -1.0744046096148509e+02],
           [ 9.8162593329311587e-01,  1.8745263567509668e-01,
             3.5665620208807154e-02,  5.6572960223161840e+02],
           [-4.7658347921603603e-02,  4.2183953153312731e-01,
            -9.0541708152060796e-01, -2.6849385445737543e+01],
           [ 0.0000000000000000e+00,  0.0000000000000000e+00,
             0.0000000000000000e+00,  1.0000000000000000e+00]])),EndDubinsPose=SE3(array([[ 7.9647211255868300e-01, -2.9110760715097628e-01,
            -5.2998918382844507e-01, -1.0579715918494119e+02],
           [ 2.9110760715097628e-01,  9.5282774592004760e-01,
            -8.5881590947968350e-02,  5.9508946917344190e+02],
           [ 5.2998918382844495e-01, -8.5881590947968489e-02,
             8.4364436663863562e-01, -3.4817380937640806e+01],
           [ 0.0000000000000000e+00,  0.0000000000000000e+00,
             0.0000000000000000e+00,  1.0000000000000000e+00]])),maxAnglePerElbow=0.3141592653589793,path=PathCSC(tDirMag=array([ 0.0329438809040453,  0.9597672095640093, -0.2788576772418055,
       29.1529817955833   ]), r=1, startPosition=array([-107.44046096148509 ,  565.7296022316184  ,  -26.849385445737543]), startDir=array([-0.1847679868370135,  0.9816259332931159, -0.0476583479216036]), endPosition=array([-105.7971591849412  ,  595.0894691734419  ,  -34.817380937640806]), endDir=array([0.7964721125586832, 0.2911076071509763, 0.5299891838284451]), circle1sign=1, circle2sign=-1),EPSILON=0.01,), LinkCSC(r=1,StartDubinsPose=SE3(array([[ 7.9647211255868322e-01, -2.9110760715097628e-01,
            -5.2998918382844518e-01, -1.0579715918494119e+02],
           [ 2.9110760715097633e-01,  9.5282774592004760e-01,
            -8.5881590947968364e-02,  5.9508946917344190e+02],
           [ 5.2998918382844507e-01, -8.5881590947968517e-02,
             8.4364436663863551e-01, -3.4817380937640806e+01],
           [ 0.0000000000000000e+00,  0.0000000000000000e+00,
             0.0000000000000000e+00,  1.0000000000000000e+00]])),EndDubinsPose=SE3(array([[ 7.9647211255868300e-01, -2.9110760715097628e-01,
            -5.2998918382844507e-01, -4.9687399935761661e+01],
           [ 2.9110760715097628e-01,  9.5282774592004760e-01,
            -8.5881590947968350e-02,  6.1559737835857675e+02],
           [ 5.2998918382844495e-01, -8.5881590947968489e-02,
             8.4364436663863562e-01,  2.5192251285159344e+00],
           [ 0.0000000000000000e+00,  0.0000000000000000e+00,
             0.0000000000000000e+00,  1.0000000000000000e+00]])),maxAnglePerElbow=0.3141592653589793,path=PathCSC(tDirMag=array([ 0.7964721125586833,  0.2911076071509757,  0.5299891838284451,
       70.44786423083384  ]), r=1, startPosition=array([-105.7971591849412  ,  595.0894691734419  ,  -34.817380937640806]), startDir=array([0.796472112558683 , 0.2911076071509763, 0.529989183828445 ]), endPosition=array([-49.68739993576166  , 615.5973783585767   ,   2.5192251285159344]), endDir=array([0.7964721125586832, 0.2911076071509763, 0.5299891838284451]), circle1sign=1, circle2sign=1),EPSILON=0.01,), LinkCSC(r=1,StartDubinsPose=SE3(array([[ 7.9647211255868322e-01, -2.9110760715097628e-01,
            -5.2998918382844518e-01, -4.9687399935761661e+01],
           [ 2.9110760715097633e-01,  9.5282774592004760e-01,
            -8.5881590947968364e-02,  6.1559737835857675e+02],
           [ 5.2998918382844507e-01, -8.5881590947968517e-02,
             8.4364436663863551e-01,  2.5192251285159344e+00],
           [ 0.0000000000000000e+00,  0.0000000000000000e+00,
             0.0000000000000000e+00,  1.0000000000000000e+00]])),EndDubinsPose=SE3(array([[-1.5212848530233530e-01,  9.7928888133838454e-01,
            -1.3360468123023495e-01, -7.2446369091283870e+01],
           [ 7.7509506778918613e-01,  2.0208277486195353e-01,
             5.9865698692403979e-01,  3.7242033328710625e+02],
           [ 6.1325733574780339e-01, -1.2483548818687434e-02,
            -7.8978452831161328e-01,  3.0177925371520053e+02],
           [ 0.0000000000000000e+00,  0.0000000000000000e+00,
             0.0000000000000000e+00,  1.0000000000000000e+00]])),maxAnglePerElbow=0.3141592653589793,path=PathCSC(tDirMag=array([-6.0268356786641351e-02, -6.3242823706318219e-01,
        7.7227083988416501e-01,  3.8428931981021935e+02]), r=1, startPosition=array([-49.68739993576166  , 615.5973783585767   ,   2.5192251285159344]), startDir=array([0.796472112558683 , 0.2911076071509763, 0.529989183828445 ]), endPosition=array([-72.44636909128387, 372.42033328710625, 301.7792537152005 ]), endDir=array([-0.1521284853023353,  0.7750950677891861,  0.6132573357478034]), circle1sign=1, circle2sign=-1),EPSILON=0.01,)], parents=[-1, 0, 1, 2, 1, 4, 5, 0, 7, 8, 9, 10, 11, 10, 13, 14, 15, 9, 17, 18], children=[[1, 7], [2, 4], [3], [], [5], [6], [], [8], [9], [10, 17], [11, 13], [12], [], [14], [15], [16], [], [18], [19], []], boundingBall=Ball(center=array([-44.62704060787313, -65.52976500699629, 206.2669535659203 ]),radius=np.float64(712.3521933254019)))


=== Tree Structure with Link Lengths ===

- Joint 0 ->
   ---> Joint 1 | Length: 43.65
   ---> Joint 7 | Length: 31.75

- Joint 1 ->
   ---> Joint 2 | Length: 120.34
   ---> Joint 4 | Length: 39.34

- Joint 2 ->
   ---> Joint 3 | Length: 87.37

- Joint 4 ->
   ---> Joint 5 | Length: 38.57

- Joint 5 ->
   ---> Joint 6 | Length: 25.13

- Joint 7 ->
   ---> Joint 8 | Length: 52.65

- Joint 8 ->
   ---> Joint 9 | Length: 544.11

- Joint 9 ->
   ---> Joint 10 | Length: 575.37
   ---> Joint 17 | Length: 30.88

- Joint 10 ->
   ---> Joint 11 | Length: 158.00
   ---> Joint 13 | Length: 512.41

- Joint 11 ->
   ---> Joint 12 | Length: 958.21

- Joint 13 ->
   ---> Joint 14 | Length: 10.86

- Joint 14 ->
   ---> Joint 15 | Length: 641.71

- Joint 15 ->
   ---> Joint 16 | Length: 89.94

- Joint 17 ->
   ---> Joint 18 | Length: 70.45

- Joint 18 ->
   ---> Joint 19 | Length: 387.26


=== Traversal Orders ===


DFS (direction='outward', orderBy='default'):
  [0, 1, 2, 3, 4, 5, 6, 7, 8, 9, 10, 11, 12, 13, 14, 15, 16, 17, 18, 19]

BFS (direction='outward', orderBy='default'):
  [0, 1, 7, 2, 4, 8, 3, 5, 9, 6, 10, 17, 11, 13, 18, 12, 14, 19, 15, 16]


DFS (direction='outward', orderBy='longest'):
  [0, 7, 8, 9, 10, 13, 14, 15, 16, 11, 12, 17, 18, 19, 1, 2, 3, 4, 5, 6]

BFS (direction='outward', orderBy='longest'):
  [0, 1, 7, 2, 8, 4, 9, 3, 5, 10, 17, 6, 13, 11, 18, 12, 19, 14, 15, 16]


DFS (direction='outward', orderBy='shortest'):
  [0, 1, 4, 5, 6, 2, 3, 7, 8, 9, 17, 18, 19, 10, 11, 12, 13, 14, 15, 16]

BFS (direction='outward', orderBy='shortest'):
  [0, 7, 1, 4, 8, 2, 5, 3, 9, 6, 17, 10, 18, 11, 13, 14, 19, 12, 15, 16]


DFS (direction='inward', orderBy='default'):
  [19, 18, 17, 16, 15, 14, 13, 12, 11, 10, 9, 8, 7, 6, 5, 4, 3, 2, 1, 0]

BFS (direction='inward', orderBy='default'):
  [16, 15, 19, 14, 12, 18, 13, 11, 17, 10, 6, 9, 5, 3, 8, 4, 2, 7, 1, 0]


DFS (direction='inward', orderBy='longest'):
  [16, 15, 14, 13, 12, 11, 10, 19, 18, 17, 9, 8, 7, 3, 2, 6, 5, 4, 1, 0]

BFS (direction='inward', orderBy='longest'):
  [16, 15, 12, 19, 14, 13, 11, 18, 10, 17, 6, 9, 3, 5, 2, 8, 4, 1, 7, 0]


DFS (direction='inward', orderBy='shortest'):
  [6, 5, 4, 3, 2, 1, 19, 18, 17, 12, 11, 16, 15, 14, 13, 10, 9, 8, 7, 0]

BFS (direction='inward', orderBy='shortest'):
  [16, 15, 14, 19, 12, 18, 11, 13, 6, 17, 10, 5, 3, 9, 4, 8, 2, 7, 1, 0]
