0.3141592653589793
-1 Waypoint 4 1 2 [0.577353631619311,-0.8164942033205091,0.0,0.0,0.8164942033205091,0.577353631619311,0.0,0.0,-0.0,0.0,1.0,0.0,0.0,0.0,0.0,1.0,
0 ExtendedRevoluteJoint 4 1 3.141592653589793 0.21126056575222807 1 0 [0.8177153900507502,0.2852043843880201,0.5000000000000001,2.941564776517856,-0.19533847533164533,-0.6795902295171027,0.7071067811865475,-1.4968534479418452,0.5414650689834551,-0.6758813350513108,-0.5000000000000001,4.058435223482146,0.0,0.0,0.0,1.0,
1 ExtendedRevoluteJoint 4 1 3.141592653589793 0.21126056575222807 1 0 [-0.011064789033012251,-0.8659547161622569,-0.5,3.780816346428573,0.5720871525364101,-0.41559149402121087,0.7071067811865477,2.146707189408742,-0.8201181990094095,-0.27821958891056353,0.4999999999999998,5.816718768134249,0.0,0.0,0.0,1.0,
2 ExtendedRevoluteJoint 4 1 3.141592653589793 0.21126056575222807 1 0 [-0.3379444500190474,0.7973666338023706,-0.4999999999999997,7.621218659431776,-0.6908862973834645,0.15058593588966626,0.7071067811865478,0.7155581533906208,0.6391163217983802,0.5844059609645589,0.49999999999999994,7.633170704623431,0.0,0.0,0.0,1.0,
3 Tip 4 1 1 True [-0.365570881989587,-0.6052750864205098,0.7071067811865476,12.313381145214345,0.855988236182432,-0.5169952993183681,-3.4344687328028546e-17,2.55351295663786e-15,0.365570881989587,0.6052750864205098,0.7071067811865476,11.313381145214356,0.0,0.0,0.0,1.0,
0 Waypoint 4 1 2 [0.5773536316193111,-0.8164942033205093,3.247899871673921e-17,0.0,0.8164942033205091,0.5773536316193111,3.624373802557731e-17,6.661338147750939e-16,-4.8344669865019315e-17,5.593460409345842e-18,1.0,0.0,0.0,0.0,0.0,1.0,
5 Waypoint 4 1 2 [0.577353631619311,-0.8164942033205093,8.7990029148178e-17,1.7763568394002505e-15,0.8164942033205093,0.577353631619311,9.175501005665414e-17,8.881784197001252e-16,-1.2571879671186275e-16,1.8868260474014326e-17,1.0,0.0,0.0,0.0,0.0,1.0,
6 ExtendedRevoluteJoint 4 1 3.141592653589793 0.21126056575222807 1 0 [6.123233995736769e-17,-1.224646799147353e-16,1.0,0.0,2.3216324551994835e-16,-1.0,-1.2246467991473532e-16,-8.881784197001252e-16,1.0,2.3216324551994835e-16,-6.123233995736766e-17,8.0,0.0,0.0,0.0,1.0,
7 ExtendedRevoluteJoint 4 1 3.141592653589793 0.21126056575222807 1 0 [6.123233995736769e-17,-1.224646799147353e-16,1.0,0.0,2.3216324551994835e-16,-1.0,-1.2246467991473532e-16,0.0,1.0,2.3216324551994835e-16,-6.123233995736766e-17,12.0,0.0,0.0,0.0,1.0,
8 Tip 4 1 1 True [-0.19730689282797756,0.9803417720583822,1.2246467991473535e-16,1.7906079787252817e-16,-0.9803417720583822,-0.19730689282797756,1.8488927466117464e-32,1.4791141972893971e-30,2.4163125475149282e-17,-1.2005724132217422e-16,1.0,13.462142374415194,0.0,0.0,0.0,1.0,
0 Waypoint 4 1 2 [0.5773536316193111,-0.8164942033205093,3.247899871673921e-17,0.0,0.8164942033205091,0.5773536316193111,3.624373802557731e-17,1.7763568394002505e-15,-4.8344669865019315e-17,5.593460409345842e-18,1.0,3.552713678800501e-15,0.0,0.0,0.0,1.0,
10 Waypoint 4 1 2 [0.577353631619311,-0.8164942033205093,8.7990029148178e-17,7.105427357601002e-15,0.8164942033205093,0.577353631619311,9.175501005665414e-17,1.7763568394002505e-15,-1.2571879671186275e-16,1.8868260474014326e-17,1.0,-7.105427357601002e-15,0.0,0.0,0.0,1.0,
11 ExtendedRevoluteJoint 4 1 3.141592653589793 0.21126056575222807 1 0 [7.340868351831138e-17,1.0,1.8369701987210297e-16,-2.2500000000000004,9.2650042198602e-33,-1.8369701987210297e-16,1.0,0.0,1.0,-7.340868351831138e-17,-2.2749960614908363e-32,4.0,0.0,0.0,0.0,1.0,
12 ExtendedRevoluteJoint 4 1 3.141592653589793 0.21126056575222807 1 0 [6.123233995736767e-17,-1.224646799147353e-16,1.0,-2.25,1.0118640597772082e-17,-1.0,-1.224646799147353e-16,-8.881784197001252e-16,1.0,1.011864059777209e-17,-6.123233995736767e-17,8.0,0.0,0.0,0.0,1.0,
13 ExtendedRevoluteJoint 4 1 3.141592653589793 0.21126056575222807 1 0 [6.123233995736767e-17,-1.224646799147353e-16,1.0,-2.25,1.0118640597772082e-17,-1.0,-1.224646799147353e-16,0.0,1.0,1.011864059777209e-17,-6.123233995736767e-17,12.0,0.0,0.0,0.0,1.0,
14 Tip 4 1 1 True [-0.9250316759485987,-0.3798899820891922,1.2246467991473535e-16,-2.249999999999999,0.3798899820891922,-0.9250316759485987,-4.930380657631324e-32,4.440892098500626e-16,1.1328370810603636e-16,4.6523105059367426e-17,1.0,13.472856887133503,0.0,0.0,0.0,1.0,
