0.3141592653589793
-1 Waypoint 4 1 2 [0.577353631619311,-0.8164942033205091,0.0,0.0,0.8164942033205091,0.577353631619311,0.0,0.0,-0.0,0.0,1.0,0.0,0.0,0.0,0.0,1.0,
0 ExtendedRevoluteJoint 4 1 3.141592653589793 0.21126056575222807 1 0 [0.28862169441960867,0.816515472915458,0.5000000000000001,6.857685170058662,0.4082860770625344,-0.57732354817458,0.7071067811865474,4.041377124489423,0.866025401929551,5.6681209610498495e-05,-0.5000000000000002,0.14231482994133682,0.0,0.0,0.0,1.0,
1 ExtendedRevoluteJoint 4 1 3.141592653589793 0.21126056575222807 1 0 [0.753780894226344,-0.42639695531198807,-0.49999999999999983,-2.9756952881296606,0.6396003580988635,0.30151514376529315,0.7071067811865478,11.701857577332621,-0.1507506066957576,-0.8528037608857393,0.49999999999999994,12.57323040269249,0.0,0.0,0.0,1.0,
2 ExtendedRevoluteJoint 4 1 3.141592653589793 0.21126056575222807 1 0 [0.753780894226344,-0.42639695531198807,-0.49999999999999983,-4.034315400554565,0.6396003580988635,0.30151514376529315,0.7071067811865478,17.198972497724853,-0.1507506066957576,-0.8528037608857393,0.49999999999999994,19.288704764609776,0.0,0.0,0.0,1.0,
0 Waypoint 4 1 2 [-0.7071068205193305,-0.4999950694733236,0.5000048748536455,8.486150736643488,0.6666677128807723,-0.2356991832344006,0.7071068205193304,1.9569213367959257,-0.23569918323440064,0.8333371619728733,0.49999506947332356,-1.2537506797925762,0.0,0.0,0.0,1.0,
4 Waypoint 4 1 2 [-0.7071068205193305,-0.4999950694733236,0.5000048748536455,16.559383861697107,0.6666677128807723,-0.2356991832344006,0.7071068205193304,13.374086435514126,-0.23569918323440064,0.8333371619728733,0.49999506947332356,6.819324124562186,0.0,0.0,0.0,1.0,
5 ExtendedRevoluteJoint 4 1 3.141592653589793 0.21126056575222807 1 0 [1.2246465131111613e-16,6.12323971645727e-17,1.0,47.00767454727283,0.999999999999891,4.671323335886853e-07,-1.2246467991473532e-16,-5.756779816967817e-15,-4.671323335886853e-07,0.999999999999891,-6.123233995736766e-17,7.999999999999997,0.0,0.0,0.0,1.0,
6 ExtendedRevoluteJoint 4 1 3.141592653589793 0.21126056575222807 1 0 [1.2246465131111613e-16,6.12323971645727e-17,1.0,56.43849465712929,0.999999999999891,4.671323335886853e-07,-1.2246467991473532e-16,-6.9117221830548384e-15,-4.671323335886853e-07,0.999999999999891,-6.123233995736766e-17,11.999999999999996,0.0,0.0,0.0,1.0,
0 Waypoint 4 1 2 [-0.7071068205193305,-0.4999950694733236,0.5000048748536455,-13.53600021064867,0.6666677128807723,-0.2356991832344006,0.7071068205193304,14.114888422719453,-0.23569918323440064,0.8333371619728733,0.49999506947332356,3.574699690556447,0.0,0.0,0.0,1.0,
8 Waypoint 4 1 2 [-0.7071068205193305,-0.4999950694733236,0.5000048748536455,1.7527395764054603,0.6666677128807723,-0.2356991832344006,0.7071068205193304,35.73622198218847,-0.23569918323440064,0.8333371619728733,0.49999506947332356,18.86313965671723,0.0,0.0,0.0,1.0,
9 ExtendedRevoluteJoint 4 1 3.141592653589793 0.21126056575222807 1 0 [0.9855912144254545,-0.16914478427476823,1.8369701987210297e-16,-2.2499999999999893,-1.8105016890208282e-16,3.107139279818466e-17,1.0,58.06750707426623,-0.16914478427476823,-0.9855912144254545,-1.1248198369963932e-32,4.0,0.0,0.0,0.0,1.0,
10 ExtendedRevoluteJoint 4 1 3.141592653589793 0.21126056575222807 1 0 [1.2246465131111613e-16,6.12323971645727e-17,1.0,89.37022491988763,0.999999999999891,4.671323335886853e-07,-1.2246467991473532e-16,-1.1220241518530096e-14,-4.671323335886853e-07,0.999999999999891,-6.123233995736766e-17,7.999999999999995,0.0,0.0,0.0,1.0,
11 ExtendedRevoluteJoint 4 1 3.141592653589793 0.21126056575222807 1 0 [1.2246465131111613e-16,6.12323971645727e-17,1.0,98.80104502974203,0.999999999999891,4.671323335886853e-07,-1.2246467991473532e-16,-1.2375183884616863e-14,-4.671323335886853e-07,0.999999999999891,-6.123233995736766e-17,11.999999999999995,0.0,0.0,0.0,1.0,
