0.3141592653589793
-1 Waypoint 4 1 2 [0.577353631619311,-0.8164942033205091,0.0,0.0,0.8164942033205091,0.577353631619311,0.0,0.0,-0.0,0.0,1.0,0.0,0.0,0.0,0.0,1.0,
0 ExtendedRevoluteJoint 4 1 3.141592653589793 0.21126056575222807 1 0 [0.8444118351951538,0.19227233961844942,0.5000000000000001,3.0278517364617326,-0.26987799677481406,-0.6535792735826419,0.7071067811865474,-1.3748252589332735,0.4627467119701293,-0.7320283331680777,-0.5000000000000002,3.9721482635382688,0.0,0.0,0.0,1.0,
1 ExtendedRevoluteJoint 4 1 3.141592653589793 0.21126056575222807 1 0 [0.5402154909786164,0.6768805088837562,0.49999999999999983,5.6574934950406535,0.7059136972378369,-0.04105912872927411,-0.7071067811865478,-0.5073150863541256,-0.45809723352006815,0.7349468855919185,-0.4999999999999998,3.940041619522172,0.0,0.0,0.0,1.0,
2 ExtendedRevoluteJoint 4 1 3.141592653589793 0.21126056575222807 1 0 [0.288924011800606,0.8164085468716283,-0.4999999999999997,8.486493220397326,-0.4080722792531975,0.5774746876747928,0.7071067811865482,-0.5081248659033039,0.8660253635489804,-0.000263988365232115,0.49999999999999933,6.7678961436578735,0.0,0.0,0.0,1.0,
3 Tip 4 1 1 True 2 [-0.1874480244271166,-0.6818087988126665,0.7071067811865476,10.830075799354477,0.9642232502261819,-0.26509153838487154,5.85811243640962e-17,5.715046491605591e-15,0.18744802442711656,0.6818087988126665,0.7071067811865476,9.830075799354487,0.0,0.0,0.0,1.0,
0 Waypoint 4 1 2 [0.577353631619311,-0.8164942033205093,-6.358680061569394e-17,1.7763568394002505e-15,0.8164942033205093,0.577353631619311,-2.038526484692052e-16,-2.6645352591003757e-15,2.0315657606516349e-16,6.57768127984993e-17,1.0,0.0,0.0,0.0,0.0,1.0,
5 Waypoint 4 1 2 [0.5773536316193109,-0.8164942033205091,-6.358680061569393e-17,1.77635683940025e-15,0.8164942033205091,0.5773536316193109,-1.7609707285357628e-16,-2.664535259100376e-15,1.8049430946517835e-16,4.975203041913155e-17,1.0,0.0,0.0,0.0,0.0,1.0,
6 ExtendedRevoluteJoint 4 1 3.141592653589793 0.21126056575222807 1 0 [1.825793455736003e-16,1.3897231616565203e-16,-1.0,-4.440892098500626e-16,-1.5962941168336737e-16,1.0,1.38972316165652e-16,-6.171610607703756e-32,1.0,1.5962941168336735e-16,1.8257934557360033e-16,8.000000000000004,0.0,0.0,0.0,1.0,
7 ExtendedRevoluteJoint 4 1 3.141592653589793 0.21126056575222807 1 0 [-4.313226930317248e-17,-3.410345632424727e-16,1.0,-4.440892098500625e-16,-1.0511332392235065e-16,-1.0,-3.410345632424727e-16,5.773159728050814e-15,1.0,-1.0511332392235067e-16,4.313226930317244e-17,11.999999999999991,0.0,0.0,0.0,1.0,
8 Tip 4 1 1 True 2 [0.17758228763752398,0.9841059552291226,1.2246467991473535e-16,1.7369990622361325e-16,-0.9841059552291226,0.17758228763752398,2.465190328815662e-32,4.535950205020818e-30,-2.1747558014055814e-17,-1.2051822080931938e-16,1.0,13.418367372082717,0.0,0.0,0.0,1.0,
0 Waypoint 4 1 2 [0.577353631619311,-0.8164942033205093,2.465190328815662e-32,-3.114460348482003e-31,0.8164942033205093,0.577353631619311,-2.038526484692052e-16,0.0,1.6644450580663951e-16,1.1769506690891041e-16,1.0,-1.7749370367472766e-30,0.0,0.0,0.0,1.0,
10 Waypoint 4 1 2 [0.5773536316193109,-0.8164942033205091,4.930380657631324e-32,3.352016923465469e-31,0.8164942033205091,0.5773536316193109,-1.7609707285357628e-16,0.0,1.4378223920665443e-16,1.0167028452954266e-16,1.0,-1.5777218104420236e-30,0.0,0.0,0.0,1.0,
11 ExtendedRevoluteJoint 4 1 3.141592653589793 0.21126056575222807 1 0 [-0.7232132669690672,-0.6906247682207242,-2.7165302081246593e-16,-2.2499999999999996,1.3761251845007422e-16,2.492378346230032e-16,-1.0,-1.235042627054947,0.6906247682207242,-0.7232132669690672,-8.52134949711456e-17,3.9999999999999996,0.0,0.0,0.0,1.0,
12 ExtendedRevoluteJoint 4 1 3.141592653589793 0.21126056575222807 1 0 [2.4345310879185003e-16,-1.3667691896430804e-16,1.0,-3.769929723286624,0.38422738096387077,-0.9232384955782794,-2.1972674342348696e-16,-8.881784197001252e-16,0.9232384955782794,0.38422738096387077,-1.7225026729297552e-16,7.999999999999997,0.0,0.0,0.0,1.0,
13 ExtendedRevoluteJoint 4 1 3.141592653589793 0.21126056575222807 1 0 [-1.8580575930195046e-17,-2.0856467838450654e-16,1.0,-3.76667608057107,-0.15936065308067526,-0.9872204324514869,-2.0886032470370875e-16,1.4432899320127035e-14,0.9872204324514869,-0.15936065308067526,-1.4893879151911108e-17,12.0,0.0,0.0,0.0,1.0,
14 Tip 4 1 1 True 2 [-0.4913174789619285,-0.870980559407898,3.4593087669143273e-16,-2.2499999999999964,0.870980559407898,-0.4913174789619285,8.37718108142074e-17,2.220446049250313e-16,9.699826758555353e-17,3.4245762339448064e-16,1.0,15.978358607052728,0.0,0.0,0.0,1.0,
