0.3141592653589793
-1 Waypoint 4 1 2 [0.9999999921875,-0.00012499999967447917,-1.530808494947711e-20,0.0,-0.00012499999967447917,-0.9999999921875,-1.2246467895798002e-16,0.0,0.0,1.2246467991473532e-16,-1.0,0.0,0.0,0.0,0.0,1.0,
0 ExtendedRevoluteJoint 4 1 3.141592653589793 1.2928932188134525 1 0 [0.02228516190626871,-0.9997516549417718,0.0,-4.442010181991002e-16,0.9997516549417718,0.02228516190626871,0.0,4.0,-0.0,0.0,1.0,-1.2611585811416601,0.0,0.0,0.0,1.0,
1 PrismaticJoint 4 1 2.5 3 0.6283185307179586 0 [-8.322811097841145e-17,9.858280654183011e-17,-1.0,-2.9580977844236376,-0.8746947675417157,0.48467418296742804,1.2057973440049525e-16,8.0,0.48467418296742804,0.8746947675417157,4.589134836333203e-17,1.999999999999999,0.0,0.0,0.0,1.0,
2 RevoluteJoint 4 1 3.141592653589793 1 0 [-6.123243257096946e-17,1.8369700200498205e-16,-1.0,-5.20817712510494,2.917918143836242e-07,-0.9999999999999575,-1.8369701987209683e-16,8.000000000000002,-0.9999999999999575,-2.917918143836242e-07,6.123237896968533e-17,-1.9999999999999982,0.0,0.0,0.0,1.0,
3 Tip 4 1 0.5 True 0 [-6.123208126183445e-17,-6.123259865180797e-17,1.0,-5.208143616804158,-4.2248097481017125e-06,0.9999999999910756,6.123233995736767e-17,8.000000000000004,-0.9999999999910756,-4.2248097481017125e-06,-6.123233995736766e-17,-6.0,0.0,0.0,0.0,1.0,
1 Waypoint 4 1 2 [-0.9997516549417718,-3.0814879110195774e-33,0.02228516190626871,0.044570323812536984,0.02228516190626871,8.181842169411807e-17,0.9997516549417718,5.999503309883543,-1.8233367743687927e-18,1.0,-8.17981024934183e-17,-1.2611585811416606,0.0,0.0,0.0,1.0,
5 Waypoint 4 1 2 [-0.9997516549417718,-7.703719777548943e-34,0.02228516190626871,0.04457032381253701,0.02228516190626871,1.6970432244143698e-16,0.9997516549417718,5.999503309883542,-3.781888301801054e-18,1.0,-1.6966217721159867e-16,-1.2611585811416612,0.0,0.0,0.0,1.0,
6 PrismaticJoint 4 1 2.5 3 0.6283185307179586 0 [-8.247435101033757e-17,-2.639659710517486e-17,1.0,3.11631081377967,-0.4579096107073989,-0.8889987561418736,-6.123233995736767e-17,7.999999999999999,0.8889987561418736,-0.4579096107073989,6.12323399573677e-17,1.9999999999999982,0.0,0.0,0.0,1.0,
7 RevoluteJoint 4 1 3.141592653589793 1 0 [5.3661224465732274e-17,3.059340871834635e-16,-1.0,5.366383906822698,5.716974571636589e-08,-0.9999999999999984,-3.0593408411566447e-16,7.9999999999999885,-0.9999999999999984,-5.716974571636589e-08,-5.366124195590616e-17,-1.999999999999998,0.0,0.0,0.0,1.0,
8 Tip 4 1 0.5 True 0 [1.293007434824426e-16,4.057291973231432e-17,-1.0,5.3664356856160325,9.91770575788262e-07,-0.9999999999995083,-4.057279149562155e-17,7.99999999999999,-0.9999999999995083,-9.91770575788262e-07,-1.2930078372140696e-16,-6.000000000000004,0.0,0.0,0.0,1.0,
0 Waypoint 4 1 2 [0.9999999921875001,-0.0001249999996744792,-1.5308084949478983e-20,-1.16647261906842e-35,-0.0001249999996744792,-0.9999999921875001,-1.8848192951159048e-16,3.944304526105059e-31,8.25215629770945e-21,1.8848192995258604e-16,-1.0,1.9721522630525295e-31,0.0,0.0,0.0,1.0,
10 Waypoint 4 1 2 [0.9999999921875001,-0.0001249999996744792,-1.5308084949480524e-20,-1.9721522630525295e-31,-0.0001249999996744792,-0.9999999921875001,-1.5596423750346613e-16,1.6336699887499048e-31,4.187444807277551e-21,1.5596423819850616e-16,-1.0,0.0,0.0,0.0,0.0,1.0,
11 PrismaticJoint 4 1 2.5 3 0.6283185307179586 0 [-5.809809417668165e-17,1.933936166713056e-17,1.0,5.470602746600065,-0.3158357443239204,-0.9488138819638735,3.196018496274175e-34,-1.0533950178402674e-16,0.9488138819638735,-0.3158357443239204,6.12323399573677e-17,2.0000000000000004,0.0,0.0,0.0,1.0,
12 RevoluteJoint 4 1 3.141592653589793 1 0 [6.073806560305991e-17,1.2246366739808245e-16,-1.0,7.720786862355,-2.458342602644779e-07,-0.9999999999999698,-1.2246368232957617e-16,-3.615367011843007e-15,-0.9999999999999698,2.458342602644779e-07,-6.0738035497293e-17,-1.999999999999999,0.0,0.0,0.0,1.0,
13 Tip 4 1 0.5 True 0 [6.123233994648757e-17,1.154310918755485e-21,1.0,7.720781735401875,-1.8851327902177805e-05,0.9999999998223138,-1.5223838025541144e-33,-1.1067434132778359e-15,-0.9999999998223138,-1.8851327902177805e-05,6.123233995736771e-17,-6.000000000000002,0.0,0.0,0.0,1.0,
0 Waypoint 4 1 2 [0.9999999921875001,-0.0001249999996745072,2.4154705498699078e-17,-4.440892098500626e-16,-0.0001249999996745072,-0.9999999921875001,8.41828769867665e-18,-1.7763568394002505e-15,2.415365302403085e-17,-8.421306971088254e-18,-1.0,-8.881784197001252e-16,0.0,0.0,0.0,1.0,
15 Waypoint 4 1 2 [0.9999999921875001,-0.00012499999967459046,2.4154705498699078e-17,-2.220446049250313e-15,-0.00012499999967459046,-0.9999999921875001,8.41828769867665e-18,-1.7763568394002505e-15,2.415365302403085e-17,-8.421306971088255e-18,-1.0,-2.220446049250313e-16,0.0,0.0,0.0,1.0,
16 PrismaticJoint 4 1 2.5 3 0.6283185307179586 0 [-1.0932647003373975e-16,2.051586797283898e-16,-1.0,-5.470602334338816,-0.49734277552664763,0.8675541272055888,2.3235898937552506e-16,6.661338147750939e-16,0.8675541272055888,0.49734277552664763,7.1875569089109e-18,2.000000000000001,0.0,0.0,0.0,1.0,
17 RevoluteJoint 4 1 3.141592653589793 1 0 [-5.0240514592127805e-17,7.332943076882249e-16,-1.0,-7.724176550137961,-2.0734776967074817e-05,-0.9999999997850346,-7.332932658047271e-16,-2.4976381244904913e-14,-0.9999999997850346,2.0734776967074817e-05,5.0255719275248966e-17,-1.999999999999997,0.0,0.0,0.0,1.0,
18 Tip 4 1 0.5 True 0 [-6.122908816341832e-17,2.449309856724808e-16,-1.0,-7.7242638936765875,-2.655273639472046e-05,-0.9999999996474762,-2.4492935978629905e-16,2.5628647892967975e-16,-0.9999999996474762,2.655273639472046e-05,6.123559172973106e-17,-5.999999999999996,0.0,0.0,0.0,1.0,
0 Waypoint 4 1 2 [0.9999999921875001,-0.0001249999996744792,-1.5308084949478983e-20,-3.8385225722558816e-35,-0.0001249999996744792,-0.9999999921875001,-1.8848192951159048e-16,1.5777218104420236e-30,8.25215629770945e-21,1.8848192995258604e-16,-1.0,3.944304526105059e-31,0.0,0.0,0.0,1.0,
20 Waypoint 4 1 2 [0.9999999921875001,-0.0001249999996744792,-1.5308084949480524e-20,-9.860761315262648e-32,-0.0001249999996744792,-0.9999999921875001,-1.5596423750346613e-16,2.3665827156630354e-30,4.187444807277551e-21,1.5596423819850616e-16,-1.0,0.0,0.0,0.0,0.0,1.0,
21 ExtendedRevoluteJoint 4 1 3.141592653589793 1.2928932188134525 1 0 [-0.06416570262296749,-0.9979392579746029,-2.4551059196337403e-16,-4.440892098500626e-16,-0.9979392579746029,0.06416570262296749,-2.3693755176179995e-16,-4.0000000000000036,2.522026442262003e-16,2.298013934822734e-16,-1.0,-1.6224904144280692,0.0,0.0,0.0,1.0,
22 PrismaticJoint 4 1 2.5 3 0.6283185307179586 0 [-4.5222177982679497e-17,-1.5293076953108809e-18,-1.0,-3.3011160485982636,0.945180939278327,-0.32654707474564776,-4.22437497075909e-17,-7.999999999999995,-0.32654707474564776,-0.945180939278327,1.6212642417770536e-17,2.000000000000004,0.0,0.0,0.0,1.0,
23 RevoluteJoint 4 1 3.141592653589793 1 0 [1.9502580547546364e-17,7.666613493032157e-16,-1.0,-5.552678539482109,-7.884243714308262e-06,-0.9999999999689194,-7.666615030424855e-16,-7.999999999999996,-0.9999999999689194,7.884243714308262e-06,-1.949653600201596e-17,-1.999999999999993,0.0,0.0,0.0,1.0,
24 Tip 4 1 0.5 True 0 [-6.091373742084917e-17,3.062675938197396e-16,-1.0,-5.550906488402901,-0.0017338903644645886,-0.9999984968109723,-3.061615156992754e-16,-7.9999999999999964,-0.9999984968109723,0.0017338903644645886,6.144468028585922e-17,-5.999999999999997,0.0,0.0,0.0,1.0,
22 Waypoint 4 1 2 [-0.9979392579746029,-2.4551059196337403e-16,-0.06416570262296749,-0.12833140524593545,0.06416570262296749,-5.184959269052498e-16,-0.9979392579746029,-5.995878515949211,2.1173500251181282e-16,-1.0,5.331808001933895e-16,-1.6224904144280672,0.0,0.0,0.0,1.0,
26 Waypoint 4 1 2 [-0.9979392579746028,-2.455105919633741e-16,-0.06416570262296749,-0.12833140524593548,0.06416570262296749,-5.509466081983836e-16,-0.9979392579746028,-5.995878515949211,2.0965278174604496e-16,-1.0,5.655646090038297e-16,-1.622490414428067,0.0,0.0,0.0,1.0,
27 PrismaticJoint 4 1 2.5 3 0.6283185307179586 0 [7.335211457553087e-17,-7.933389085556155e-17,1.0,2.8375863824347523,0.26804098264929765,0.963407510672612,5.676949343090008e-17,-7.9999999999999964,-0.963407510672612,0.26804098264929765,9.193271216810125e-17,1.9999999999999976,0.0,0.0,0.0,1.0,
28 RevoluteJoint 4 1 3.141592653589793 1 0 [5.978647399069734e-17,-3.0615315807574405e-16,1.0,5.087625843026059,-2.08029500702761e-07,0.9999999999999785,3.0615317051308773e-16,-8.000000000000014,-0.9999999999999785,-2.08029500702761e-07,5.978641030180742e-17,-2.000000000000001,0.0,0.0,0.0,1.0,
29 Tip 4 1 0.5 True 0 [1.0610128953736419e-16,-2.8347733223526426e-16,1.0,5.087612537361994,-4.846701375682965e-06,0.9999999999882547,2.834778464732007e-16,-8.000000000000018,-0.9999999999882547,-4.846701375682965e-06,1.0609991560614189e-16,-6.000000000000012,0.0,0.0,0.0,1.0,
