0.3141592653589793
-1 Waypoint 4 1 2 [0.5774046613793414,-0.8164581171238412,0.0,0.0,0.8164581171238412,0.5774046613793414,0.0,0.0,-0.0,0.0,1.0,0.0,0.0,0.0,0.0,1.0,
0 ExtendedRevoluteJoint 4 1 3.141592653589793 0.21126056575222807 1 0 [0.8261760537133985,-0.2596788945420003,-0.5000000000000002,2.251985041897917,-0.21634386366178993,0.6731978406500497,-0.707106781186547,-2.4720664609789993,0.5202196275866996,0.6923666218655802,0.5000000000000004,4.748014958102082,0.0,0.0,0.0,1.0,
1 ExtendedRevoluteJoint 4 1 3.141592653589793 0.21126056575222807 1 0 [0.229888499957528,-0.8349558536756767,-0.49999999999999994,6.025163498280055,0.6650077139416318,-0.24034296411196376,0.7071067811865478,-1.0272789914130518,-0.7105744281814558,-0.49505957420758717,0.5,3.572371616282772,0.0,0.0,0.0,1.0,
2 ExtendedRevoluteJoint 4 1 3.141592653589793 0.21126056575222807 1 0 [-0.029021343641907477,-0.8655390006309471,0.49999999999999956,9.88064827489286,-0.5907067930128562,-0.38867143539044147,-0.707106781186548,-2.479757852021881,0.8063642144227913,-0.31587458539476565,-0.49999999999999983,5.37374108916234,0.0,0.0,0.0,1.0,
3 Tip 4 1 1 True 2 [-0.5000206067912263,0.4999793923594592,0.7071067811865475,12.299274471202724,-0.7070776375818062,-0.7071359235901765,-4.312844909902018e-17,4.4137870441884886e-16,0.5000206067912261,-0.499979392359459,0.7071067811865478,11.299274471202729,0.0,0.0,0.0,1.0,
0 Waypoint 4 1 2 [0.5774046613793414,-0.8164581171238413,-2.465190328815662e-32,-1.5160956978847542e-31,0.8164581171238413,0.5774046613793414,-8.25324826068173e-18,0.0,6.738431535071837e-18,4.7654640172385525e-18,1.0,0.0,0.0,0.0,0.0,1.0,
5 Waypoint 4 1 2 [0.5774046613793414,-0.8164581171238413,-4.930380657631324e-32,3.944304526105059e-31,0.8164581171238413,0.5774046613793414,-8.253248260681719e-18,7.888609052210118e-31,6.738431535071843e-18,4.765464017238526e-18,1.0,0.0,0.0,0.0,0.0,1.0,
6 ExtendedRevoluteJoint 4 1 3.141592653589793 0.21126056575222807 1 0 [6.123199741318308e-17,2.449293598289917e-16,-1.0,4.898425415289509e-16,-8.25304418745999e-18,1.0,2.449293598289917e-16,-1.3379630790875258e-15,1.0,8.253044187459974e-18,6.123199741318308e-17,7.999999999999998,0.0,0.0,0.0,1.0,
7 ExtendedRevoluteJoint 4 1 3.141592653589793 0.21126056575222807 1 0 [6.12309368180148e-17,2.4492935982143244e-16,-1.0,7.346553920761778e-16,-8.253648294628734e-18,1.0,2.4492935982143244e-16,-2.225189433754937e-15,1.0,8.253648294628718e-18,6.12309368180148e-17,11.999999999999996,0.0,0.0,0.0,1.0,
8 Tip 4 1 1 True 2 [2.8015565074545974e-06,-0.9999999999960757,1.2246467991473532e-16,4.1741504414504438e-16,0.9999999999960757,2.8015565074545974e-06,-1.232595164407831e-32,-4.930380657631324e-31,-3.430917209361451e-22,1.2246467991425473e-16,1.0,15.408452497778677,0.0,0.0,0.0,1.0,
0 Waypoint 4 1 2 [0.5774046613793414,-0.8164581171238413,-2.465190328815662e-32,2.4365775825551477e-31,0.8164581171238413,0.5774046613793414,-8.25324826068173e-18,0.0,6.738431535071837e-18,4.7654640172385525e-18,1.0,0.0,0.0,0.0,0.0,1.0,
10 Waypoint 4 1 2 [0.5774046613793414,-0.8164581171238413,-4.930380657631324e-32,7.888609052210118e-31,0.8164581171238413,0.5774046613793414,-8.253248260681719e-18,0.0,6.738431535071843e-18,4.765464017238526e-18,1.0,0.0,0.0,0.0,0.0,1.0,
11 ExtendedRevoluteJoint 4 1 3.141592653589793 0.21126056575222807 1 0 [-0.1499861973225594,0.9886880906598998,1.8369701987210297e-16,-2.2500000000000004,2.7552017470103348e-17,-1.8161905583726317e-16,1.0,0.38666190906601106,0.9886880906598998,0.1499861973225594,6.824685768813514e-33,4.0,0.0,0.0,0.0,1.0,
12 ExtendedRevoluteJoint 4 1 3.141592653589793 0.21126056575222807 1 0 [4.5181468191024326e-17,-1.2925026969169813e-16,1.0,-2.5867456709841914,-0.12701566961747454,-0.9919007105913498,-1.2246467991473537e-16,-9.916113069552424e-16,0.9919007105913498,-0.12701566961747454,-6.123233995736771e-17,8.0,0.0,0.0,0.0,1.0,
13 ExtendedRevoluteJoint 4 1 3.141592653589793 0.21126056575222807 1 0 [5.494280519257395e-17,-1.2541246126619199e-16,1.0,-2.586751349391156,-0.0507145436279409,-0.9987131895917917,-1.2246467991473535e-16,4.163336342344337e-17,0.9987131895917917,-0.0507145436279409,-6.123233995736771e-17,12.000000000000005,0.0,0.0,0.0,1.0,
14 Tip 4 1 1 True 2 [-1.2499085857949165e-05,0.9999999999218865,1.2246467991473527e-16,-2.249999999999999,-0.9999999999218865,-1.2499085857949165e-05,-1.23199331130021e-32,-2.220446049250313e-16,1.530696548808219e-21,-1.2246467990516912e-16,1.0,15.480025385113471,0.0,0.0,0.0,1.0,
