0.3141592653589793
-1 Waypoint 4 1 2 [0.9999999511718755,0.00031249999491373705,0.0,0.0,-0.00031249999491373705,0.9999999511718755,0.0,0.0,0.0,-0.0,1.0,0.0,0.0,0.0,0.0,1.0,
0 ExtendedRevoluteJoint 4 1 3.141592653589793 0.5428932188134525 1 0 [0.039177999550695446,-0.9992322474536166,0.0,0.0,0.9992322474536166,0.039177999550695446,0.0,2.5,-0.0,0.0,1.0,1.1414179442134333,0.0,0.0,0.0,1.0,
1 PrismaticJoint 4 1 2.0 3 0.6283185307179586 0 [8.134715235927658e-17,-2.992928222263765e-17,-1.0,-2.094263300012056,0.9081743361201015,0.4185921346762418,6.134923395424516e-17,5.000000000000001,0.4185921346762418,-0.9081743361201015,6.123228416899816e-17,1.250000000000003,0.0,0.0,0.0,1.0,
2 RevoluteJoint 4 1 3.141592653589793 1 0 [6.128263769893555e-17,1.8364668078076048e-16,-1.0,-5.000103249110345,-0.9999996623534662,0.0008217621030037497,-6.113170312445727e-17,4.999999999999998,0.0008217621030037497,0.9999996623534662,1.8369697852232832e-16,-1.2499999999999993,0.0,0.0,0.0,1.0,
3 Tip 4 1 0.5 True 0 [-6.662370226931912e-17,6.714667914429522e-17,-1.0,-4.971782634322885,0.9957295697392896,-0.09231805861698619,-7.253804145624666e-17,5.0,-0.09231805861698619,-0.9957295697392896,-6.070936308239157e-17,-3.7499999999999996,0.0,0.0,0.0,1.0,
1 Waypoint 4 1 2 [-0.9992322474536166,4.069070856531397e-17,0.03917799955069549,0.04897249943837023,0.03917799955069549,1.5076404604594448e-16,0.9992322474536166,3.749040309317021,3.475283444194976e-17,1.0,-1.52242477127579e-16,1.1414179442134316,0.0,0.0,0.0,1.0,
5 Waypoint 4 1 2 [-0.9992322474536166,3.722658692177957e-17,0.03917799955069549,0.04897249943836979,0.03917799955069549,1.5089986767954348e-16,0.9992322474536166,3.749040309317021,3.128605116672805e-17,1.0,-1.52242477127579e-16,1.1414179442134298,0.0,0.0,0.0,1.0,
6 PrismaticJoint 4 1 2.0 3 0.6283185307179586 0 [8.53216222495642e-17,-1.4799313835849127e-17,1.0,2.2571902887668074,0.8175494857384306,0.5758583492221223,-6.123233995736765e-17,5.000000000000001,-0.5758583492221223,0.8175494857384306,6.123233995736764e-17,1.2500000000000002,0.0,0.0,0.0,1.0,
7 RevoluteJoint 4 1 3.141592653589793 1 0 [-6.128141876375009e-17,6.128145813285147e-17,-1.0,5.321270668049017,-0.9999996785268912,0.000801839207309162,6.133053693923388e-17,4.999999999999999,0.000801839207309162,0.9999996785268912,6.12323005882663e-17,-1.25,0.0,0.0,0.0,1.0,
8 Tip 4 1 0.5 True 0 [6.574732501524137e-17,-5.63567934383203e-17,1.0,5.340346457792478,0.9970557922380178,0.07667950941821867,-6.123233995736765e-17,4.999999999999999,-0.07667950941821867,0.9970557922380178,6.123233995736766e-17,-3.749999999999999,0.0,0.0,0.0,1.0,
0 Waypoint 4 1 2 [0.9999999511718755,0.0003124999949136293,1.9220906497236536e-16,-4.440892098500626e-16,-0.0003124999949136293,0.9999999511718755,1.895304002184037e-16,0.0,-1.9214982733805298e-16,-1.8959045629581594e-16,1.0,-1.7763568394002505e-15,0.0,0.0,0.0,1.0,
10 Waypoint 4 1 2 [0.9999999511718755,0.00031249999491362923,1.923558175168527e-16,-8.881784197001252e-16,-0.00031249999491362923,0.9999999511718755,3.7905730886595405e-16,8.881784197001252e-15,-1.922373527173863e-16,-3.791174015492922e-16,1.0,0.0,0.0,0.0,0.0,1.0,
11 PrismaticJoint 4 1 2.0 3 0.6283185307179586 0 [-5.846241027246174e-17,-1.8208405800316665e-17,1.0,2.1690230513816573,0.29736583336508277,-0.9547636153242802,2.2320813694092793e-32,-2.220446049250313e-16,0.9547636153242802,0.29736583336508277,6.123233995736765e-17,1.25,0.0,0.0,0.0,1.0,
12 RevoluteJoint 4 1 3.141592653589793 1 0 [6.11610454470374e-17,1.2541865629921597e-16,-1.0,4.586988762650648,0.04824209537863999,-0.9988356722872278,-1.223220908940748e-16,2.225929183165811e-16,-0.9988356722872278,-0.04824209537863999,-6.714029272632894e-17,-1.2499999999999996,0.0,0.0,0.0,1.0,
13 Tip 4 1 0.5 True 0 [6.116104544703743e-17,1.2541865629921597e-16,-1.0,4.586988762650648,0.04824209537863997,-0.9988356722872278,-1.223220908940748e-16,1.4165548725761442e-17,-0.9988356722872278,-0.04824209537863997,-6.714029272632897e-17,-3.7499999999999996,0.0,0.0,0.0,1.0,
0 Waypoint 4 1 2 [0.9999999511718755,0.0003124999949136293,1.9220906497236536e-16,-4.440892098500626e-16,-0.0003124999949136293,0.9999999511718755,1.895304002184037e-16,-1.7763568394002505e-15,-1.9214982733805298e-16,-1.8959045629581594e-16,1.0,-1.7763568394002505e-15,0.0,0.0,0.0,1.0,
15 Waypoint 4 1 2 [0.9999999511718755,0.00031249999491362923,1.923558175168527e-16,-2.220446049250313e-16,-0.00031249999491362923,0.9999999511718755,3.7905730886595405e-16,8.881784197001252e-15,-1.922373527173863e-16,-3.791174015492922e-16,1.0,-1.4210854715202004e-14,0.0,0.0,0.0,1.0,
16 PrismaticJoint 4 1 2.0 3 0.6283185307179586 0 [-8.938295282454674e-17,-2.0217134661334055e-16,-1.0,-2.1690334135897587,0.5351304592167371,-0.8447694310393128,1.2295663285985573e-16,2.220446049250313e-16,-0.8447694310393128,-0.5351304592167371,1.8369603175586912e-16,1.2500000000000135,0.0,0.0,0.0,1.0,
17 RevoluteJoint 4 1 3.141592653589793 1 0 [-5.166973154983172e-17,2.4926072135468554e-16,-1.0,-4.512528622943691,-0.07661499905644004,-0.9970607513685321,-2.445694056866282e-16,6.752075191410626e-16,-0.9970607513685321,0.07661499905644004,7.061497129348235e-17,-1.2499999999999996,0.0,0.0,0.0,1.0,
18 Tip 4 1 0.5 True 0 [-6.099406110817107e-17,-1.2258352985946331e-16,1.0,-4.512528622943705,-0.0019447489465068363,0.9999981089739796,1.2246467991473537e-16,1.3322676295501878e-15,-0.9999981089739796,-0.0019447489465068363,-6.12323399573677e-17,-3.75,0.0,0.0,0.0,1.0,
0 Waypoint 4 1 2 [0.9999999511718755,0.0003124999949136293,1.9220906497236536e-16,-7.771561172376096e-16,-0.0003124999949136293,0.9999999511718755,1.895304002184037e-16,0.0,-1.9214982733805298e-16,-1.8959045629581594e-16,1.0,-8.881784197001252e-16,0.0,0.0,0.0,1.0,
20 Waypoint 4 1 2 [0.9999999511718755,0.00031249999491362923,1.923558175168527e-16,-7.771561172376096e-16,-0.00031249999491362923,0.9999999511718755,3.7905730886595405e-16,1.4210854715202004e-14,-1.922373527173863e-16,-3.791174015492922e-16,1.0,0.0,0.0,0.0,0.0,1.0,
21 ExtendedRevoluteJoint 4 1 3.141592653589793 0.5428932188134525 1 0 [0.9999999560952156,0.0002963267905580303,0.0,-9.197077596402318e-20,-0.0002963267905580303,0.9999999560952156,0.0,-2.5,0.0,-0.0,1.0,1.9982941474037261,0.0,0.0,0.0,1.0,
22 PrismaticJoint 4 1 2.0 3 0.6283185307179586 0 [-1.692498867642973e-16,-9.406630851064049e-17,1.0,4.665283049021809,-0.1844597786827411,0.9828400633105645,6.12323399573677e-17,-4.999999999999999,-0.9828400633105645,-0.1844597786827411,-1.83697019872103e-16,1.2499999999999982,0.0,0.0,0.0,1.0,
23 RevoluteJoint 4 1 3.141592653589793 1 0 [-6.305706928189779e-17,3.0554335311323874e-16,-1.0,6.991347499139579,0.009949864159089671,-0.9999504988764273,-3.061556376475846e-16,-4.999999999999996,-0.9999504988764273,-0.009949864159089671,6.001383302792964e-17,-1.2500000000000016,0.0,0.0,0.0,1.0,
24 Tip 4 1 0.5 True 0 [-6.305706928189782e-17,3.0554335311323874e-16,-1.0,6.99134749913958,0.009949864159089649,-0.9999504988764273,-3.061556376475846e-16,-4.999999999999997,-0.9999504988764273,-0.009949864159089649,6.001383302792967e-17,-3.75,0.0,0.0,0.0,1.0,
22 Waypoint 4 1 2 [0.0002963267905580303,1.822671875319734e-17,0.9999999560952157,1.2499999451190007,0.9999999560952157,-5.933750659271765e-21,-0.0002963267905580303,-2.5003704084881977,5.326853282128908e-22,1.0,-1.8226719711286475e-17,1.9982941474037261,0.0,0.0,0.0,1.0,
26 Waypoint 4 1 2 [0.00029632679055803025,1.522424659895186e-16,0.9999999560952156,1.2499999451190007,0.9999999560952156,-6.014384653125549e-20,-0.00029632679055803025,-2.5003704084881977,1.5030322557338752e-20,1.0,-1.52242477127579e-16,1.998294147403712,0.0,0.0,0.0,1.0,
27 PrismaticJoint 4 1 2.0 3 0.6283185307179586 0 [8.466010464104808e-17,-1.7853922132314202e-17,-1.0,0.249671908894328,-0.5452660996933968,0.8382630139312783,-6.11285676343872e-17,-5.0,0.8382630139312783,0.5452660996933968,6.12322959908258e-17,1.2500000000000222,0.0,0.0,0.0,1.0,
28 RevoluteJoint 4 1 3.141592653589793 1 0 [6.63847107828392e-17,-5.560457793732533e-17,1.0,-1.9041580717114357,-0.08802646487966481,0.9961181363075312,6.123233995736766e-17,-5.0,-0.9961181363075312,-0.08802646487966481,6.123233995736769e-17,-1.2500000000000004,0.0,0.0,0.0,1.0,
29 Tip 4 1 0.5 True 0 [6.208165158121469e-17,-6.037108124141849e-17,1.0,-1.9041580717114357,-0.013967866824844133,0.9999024445896526,6.123233995736765e-17,-5.0,-0.9999024445896526,-0.013967866824844133,6.123233995736766e-17,-3.7500000000000004,0.0,0.0,0.0,1.0,
