0.3141592653589793
-1 Waypoint 4 1 2 [0.9999999296875008,-0.0003749999912109376,-4.592425389167604e-20,0.0,-0.0003749999912109376,-0.9999999296875008,-1.2246467130393762e-16,0.0,-6.018531076210112e-36,1.2246467991473532e-16,-1.0,0.0,0.0,0.0,0.0,1.0,
0 ExtendedRevoluteJoint 4 1 3.141592653589793 0.5428932188134525 1 0 [-0.11683176215929658,0.9931517202073173,1.216260075219579e-16,-2.931197034762908e-16,0.9931517202073173,0.11683176215929658,1.430776435671274e-17,2.5000000000000004,0.0,1.2246467991473532e-16,-1.0,-1.831861390943308,0.0,0.0,0.0,1.0,
1 PrismaticJoint 4 1 2.0 3 0.6283185307179586 0 [-6.132648605583288e-17,6.11380488840871e-17,1.0,3.3500850774550055,-0.9999988161907952,-0.001538706277409409,-6.123233995736769e-17,5.000000000000001,0.001538706277409409,-0.9999988161907952,6.123233995736764e-17,1.2500000000000004,0.0,0.0,0.0,1.0,
2 RevoluteJoint 4 1 3.141592653589793 1 0 [-6.855125910435451e-17,-5.2910526254394267e-17,1.0,6.473642210405751,0.12771627591604331,0.9918107444800834,6.123233995736769e-17,5.0,-0.9918107444800834,0.12771627591604331,-6.123233995736766e-17,-1.25,0.0,0.0,0.0,1.0,
3 Tip 4 1 0.5 True 0 [-6.649960767205506e-17,-5.5467117220674516e-17,1.0,6.473653571723103,0.09008712111166962,0.9959338886742491,6.12323399573677e-17,4.999999999999999,-0.9959338886742491,0.09008712111166962,-6.123233995736762e-17,-3.7500000000000018,0.0,0.0,0.0,1.0,
1 Waypoint 4 1 2 [0.9931517202073173,2.7477377424207875e-16,-0.11683176215929666,-0.14603970269912014,0.11683176215929666,1.7326376921199426e-16,0.9931517202073173,3.741439650259146,2.9313475803177653e-16,-1.0,1.399749062026329e-16,-1.831861390943308,0.0,0.0,0.0,1.0,
5 Waypoint 4 1 2 [0.9931517202073173,2.7477377424207875e-16,-0.11683176215929666,-0.14603970269912017,0.11683176215929666,1.7326376921199426e-16,0.9931517202073173,3.741439650259146,2.9313475803177653e-16,-1.0,1.399749062026329e-16,-1.831861390943308,0.0,0.0,0.0,1.0,
6 PrismaticJoint 4 1 2.0 3 0.6283185307179586 0 [6.117876561703327e-17,1.8369843991527742e-16,-1.0,-4.330394128737082,0.9999999997268602,2.3372627781128713e-05,6.118305911558302e-17,4.999999999999997,2.3372627781128713e-05,-0.9999999997268602,-1.8369700995658517e-16,1.2499999999999996,0.0,0.0,0.0,1.0,
7 RevoluteJoint 4 1 3.141592653589793 1 0 [6.068598150522774e-17,6.003193898400391e-17,-1.0,-7.102444525060923,-0.019768981023078214,-0.999804574599111,-6.121990723500553e-17,4.999999999999999,-0.999804574599111,0.019768981023078214,-5.948735166041037e-17,-1.2500000000000013,0.0,0.0,0.0,1.0,
8 Tip 4 1 0.5 True 0 [6.068300633179732e-17,6.003195537359287e-17,-1.0,-7.102444525060923,-0.019768981023078214,-0.9998045745991111,-6.121986480524447e-17,4.999999999999999,-0.9998045745991111,0.019768981023078214,-5.948437674439893e-17,-3.750000000000001,0.0,0.0,0.0,1.0,
0 Waypoint 4 1 2 [0.9999999296875008,-0.00037499999121089054,8.800649429190088e-18,0.0,-0.00037499999121089054,-0.9999999296875008,-2.420144318610449e-16,-1.9721522630525295e-31,8.891404220215233e-18,2.420111146009468e-16,-1.0,0.0,0.0,0.0,0.0,1.0,
10 Waypoint 4 1 2 [0.9999999296875008,-0.00037499999121089054,8.800649429190086e-18,-9.860761315262648e-32,-0.00037499999121089054,-0.9999999296875008,-2.420144318610449e-16,-7.888609052210118e-31,8.891404220215232e-18,2.420111146009468e-16,-1.0,0.0,0.0,0.0,0.0,1.0,
11 PrismaticJoint 4 1 2.0 3 0.6283185307179586 0 [-6.123233575881965e-17,2.267540129387843e-20,1.0,7.141001036621923,-0.0003703174059599817,-0.9999999314325071,6.287944635768922e-33,-2.2197684228925096e-16,0.9999999314325071,-0.0003703174059599817,6.123233995736769e-17,1.2499999999999998,0.0,0.0,0.0,1.0,
12 RevoluteJoint 4 1 3.141592653589793 1 0 [6.1225959584558e-17,-8.83928506564521e-19,1.0,10.131113593559977,0.014435648011818309,0.9998958006044825,-3.6561254776925477e-32,-1.942890293094024e-16,-0.9998958006044825,0.014435648011818309,6.123233995736769e-17,-1.2499999999999998,0.0,0.0,0.0,1.0,
13 Tip 4 1 0.5 True 0 [1.6403818276970657e-16,-1.615647930572232e-16,1.0,10.110723665168726,0.014435680560032306,0.9998958001345783,1.5917995522141808e-16,-2.4702462297909733e-15,-0.9998958001345783,0.014435680560032306,1.6635338775545975e-16,-3.750000000000006,0.0,0.0,0.0,1.0,
0 Waypoint 4 1 2 [0.9999999296875008,-0.0003749999912109376,-4.592425389167578e-20,0.0,-0.0003749999912109376,-0.9999999296875008,-2.420144318610449e-16,3.944304526105059e-31,4.4831159158185175e-20,2.420144320660002e-16,-1.0,0.0,0.0,0.0,0.0,1.0,
15 Waypoint 4 1 2 [0.9999999296875008,-0.0003749999912109376,-4.592425389167578e-20,0.0,-0.0003749999912109376,-0.9999999296875008,-2.420144318610449e-16,1.5777218104420236e-30,4.4831159158185175e-20,2.420144320660002e-16,-1.0,-6.931227267387889e-46,0.0,0.0,0.0,1.0,
16 PrismaticJoint 4 1 2.0 3 0.6283185307179586 0 [-6.782664029124664e-17,-1.280050158922954e-19,-1.0,-7.141065954684648,-0.0007321315058027288,-0.9999997319916933,1.7766300187585823e-19,6.869504964868156e-16,-0.9999997319916933,0.0007321315058027288,6.782652839663858e-17,1.2499999999999998,0.0,0.0,0.0,1.0,
17 RevoluteJoint 4 1 3.141592653589793 1 0 [-5.932368088283342e-17,-1.2340055984388797e-16,1.0,-9.909636983348465,-0.015525123101715351,0.9998794780135637,1.2246467991473537e-16,-4.787836793695988e-16,-0.9998794780135637,-0.015525123101715351,-6.123233995736766e-17,-1.2500000000000002,0.0,0.0,0.0,1.0,
18 Tip 4 1 0.5 True 0 [-5.932367936557628e-17,-1.2340056057329534e-16,1.0,-9.891999264402333,-0.015525135395616656,0.9998794778226764,1.2246467991473535e-16,-6.661338147750939e-16,-0.9998794778226764,-0.015525135395616656,-6.123233995736769e-17,-3.75,0.0,0.0,0.0,1.0,
0 Waypoint 4 1 2 [0.9999999296875008,-0.00037499999121092865,8.870334225983346e-18,2.220446049250313e-16,-0.00037499999121092865,-0.9999999296875008,-2.420144318610449e-16,0.0,8.961089012108788e-18,2.420110884691486e-16,-1.0,1.7763568394002505e-15,0.0,0.0,0.0,1.0,
20 Waypoint 4 1 2 [0.9999999296875008,-0.00037499999121092865,8.870334225983344e-18,2.220446049250313e-16,-0.00037499999121092865,-0.9999999296875008,-2.420144318610449e-16,0.0,8.961089012108787e-18,2.420110884691486e-16,-1.0,1.7763568394002505e-15,0.0,0.0,0.0,1.0,
21 ExtendedRevoluteJoint 4 1 3.141592653589793 0.5428932188134525 1 0 [0.04024986527051272,-0.9991896458359172,-1.2236638138706958e-16,1.1611480086092158e-15,-0.9991896458359172,-0.04024986527051272,-4.905765266784877e-18,-2.4999999999999987,-2.3440504996800275e-20,1.2246467767140569e-16,-1.0,-4.041036888545358,0.0,0.0,0.0,1.0,
22 PrismaticJoint 4 1 2.0 3 0.6283185307179586 0 [6.125388280443344e-17,-1.8368983751946432e-16,1.0,4.492584733443073,-0.9999999931231595,-0.00011727608954029103,6.123233995736767e-17,-5.0,0.00011727608954029103,-0.9999999931231595,-1.8369701987210302e-16,1.249999999999998,0.0,0.0,0.0,1.0,
23 RevoluteJoint 4 1 3.141592653589793 1 0 [-6.484906790149275e-17,-1.8245161813164065e-16,1.0,7.264697873944153,0.019753590310706847,0.9998048787987768,1.83697019872103e-16,-5.0,-0.9998048787987768,0.019753590310706847,-6.123233995736764e-17,-1.2499999999999978,0.0,0.0,0.0,1.0,
24 Tip 4 1 0.5 True 0 [-6.484906790149278e-17,-1.8245161813164057e-16,1.0,7.264697873944153,0.019753590310706847,0.9998048787987768,1.8369701987210292e-16,-4.999999999999998,-0.9998048787987768,0.019753590310706847,-6.123233995736767e-17,-3.7500000000000018,0.0,0.0,0.0,1.0,
22 Waypoint 4 1 2 [-0.9991896458359172,-8.474954770684827e-17,0.040249865270512414,0.050312331588127535,-0.040249865270512414,1.0413692077996423e-16,-0.9991896458359172,-3.7489870572948973,8.04893735268803e-17,-1.0,-1.0746369086951294e-16,-4.0410368885453565,0.0,0.0,0.0,1.0,
26 Waypoint 4 1 2 [-0.9991896458359172,-5.821880364307976e-17,0.04024986527051242,0.0503123315881302,-0.04024986527051242,1.4687277425431932e-16,-0.9991896458359172,-3.7489870572949044,5.2260016417476934e-17,-1.0,-1.490970542929563e-16,-4.0410368885453565,0.0,0.0,0.0,1.0,
27 PrismaticJoint 4 1 2.0 3 0.6283185307179586 0 [-2.843722444578286e-17,1.8514839214306182e-16,-1.0,-4.138653817596349,0.9968805178785448,-0.07892549064912037,-4.2961442725327325e-17,-5.000000000000002,-0.07892549064912037,-0.9968805178785448,-1.8232640315187277e-16,1.2500000000000082,0.0,0.0,0.0,1.0,
28 RevoluteJoint 4 1 3.141592653589793 1 0 [6.131567769570587e-17,-6.11488886409689e-17,1.0,-6.9079219499810165,-0.0013619359872012516,0.9999990725647534,6.123233995736769e-17,-5.0,-0.9999990725647534,-0.0013619359872012516,6.123233995736769e-17,-1.2500000000000004,0.0,0.0,0.0,1.0,
29 Tip 4 1 0.5 True 0 [6.131564154920912e-17,-6.114892488603695e-17,1.0,-6.864566597199072,-0.0013613448652150014,0.9999990733696498,6.123233995736764e-17,-4.999999999999999,-0.9999990733696498,-0.0013613448652150014,6.123233995736769e-17,-3.7499999999999982,0.0,0.0,0.0,1.0,
