0.3141592653589793
-1 PrintedWaypoint 1 0.05 2 0.2;0.05;0.05;0.125;0.1;0.075;1;0.05;0.2;0.05 [0.577353631619311,-0.8164942033205091,0.0,0.0,0.8164942033205091,0.577353631619311,0.0,0.0,-0.0,0.0,1.0,0.0,0.0,0.0,0.0,1.0,
0 PrintedOrthogonalRevoluteJoint 1 -1.5707963267948966 1.5707963267948966 0.05 0 1.625 1.35 0.2;0.05;0.05;0.125;0.1;0.075;1;0.05;0.2;0.05 [0.8252826758363547,0.26250429513511975,0.5000000000000002,3.4407658842015487,-0.2140391208963639,-0.6739341620113289,0.7071067811865472,-0.7908764711038934,0.5225856481863026,-0.6905825369278473,-0.5000000000000003,3.55923411579845,0.0,0.0,0.0,1.0,
1 PrintedOrthogonalRevoluteJoint 1 -1.5707963267948966 1.5707963267948966 0.05 0 1.625 1.35 0.2;0.05;0.05;0.125;0.1;0.075;1;0.05;0.2;0.05 [-0.13020076625956098,0.8561820837096649,0.4999999999999998,6.839493254263312,0.5094108259812294,0.4904086157207286,-0.7071067811865479,-2.1789151765685455,-0.8506164651818967,0.16263956825279433,-0.49999999999999994,2.7580418602995116,0.0,0.0,0.0,1.0,
2 PrintedOrthogonalRevoluteJoint 1 -1.5707963267948966 1.5707963267948966 0.05 0 1.625 1.35 0.2;0.05;0.05;0.125;0.1;0.075;1;0.05;0.2;0.05 [0.29725336636620636,-0.8134128325665624,0.4999999999999994,9.667935057375557,-0.40214864098565867,-0.5816153974521197,-0.707106781186548,-2.178935934912888,0.8659774285380339,0.009115550595244739,-0.4999999999999998,5.586454306679647,0.0,0.0,0.0,1.0,
3 PrintedTip 1 0.05 2 0.2;0.05;0.05;0.125;0.1;0.075;1;0.05;0.2;0.05 [-0.3819014552153243,-0.5951061069291905,0.7071067811865479,11.76816074707791,0.8416071274703149,-0.5400902174555333,-2.598085156655713e-16,-9.581474069014773e-15,0.38190145521532504,0.5951061069291909,0.7071067811865472,10.768160747077895,0.0,0.0,0.0,1.0,
0 PrintedWaypoint 1 0.05 2 0.2;0.05;0.05;0.125;0.1;0.075;1;0.05;0.2;0.05 [0.577353631619311,-0.8164942033205091,1.8488927466117464e-32,0.0,0.8164942033205091,0.577353631619311,1.0436245986102757e-16,0.0,-8.521134352079833e-17,-6.025404520548883e-17,1.0,0.0,0.0,0.0,0.0,1.0,
5 PrintedWaypoint 1 0.05 2 0.2;0.05;0.05;0.125;0.1;0.075;1;0.05;0.2;0.05 [0.577353631619311,-0.8164942033205091,0.0,-1.1574760040055163e-32,0.8164942033205091,0.577353631619311,1.8762923706394934e-16,2.465190328815662e-31,-1.5319818443616427e-16,-1.0832842141683177e-16,1.0,0.0,0.0,0.0,0.0,1.0,
6 PrintedOrthogonalRevoluteJoint 1 -1.5707963267948966 1.5707963267948966 0.05 0 1.625 1.35 0.2;0.05;0.05;0.125;0.1;0.075;1;0.05;0.2;0.05 [6.05817554130258e-17,-1.2278781777664096e-16,1.0,-0.5116648786156204,-0.005305389118626466,-0.9999859263241159,-1.224646799147355e-16,0.0,0.9999859263241159,-0.005305389118626466,-6.12323399573677e-17,8.0,0.0,0.0,0.0,1.0,
7 PrintedOrthogonalRevoluteJoint 1 -1.5707963267948966 1.5707963267948966 0.05 0 1.625 1.35 0.2;0.05;0.05;0.125;0.1;0.075;1;0.05;0.2;0.05 [-9.993769883596208e-18,3.9599154522392435e-16,-1.0,-0.5135392026979011,0.003449946178356695,0.9999940489179756,3.959547106775404e-16,4.3298697960381105e-15,0.9999940489179756,-0.003449946178356695,-1.1359859927958737e-17,12.0,0.0,0.0,0.0,1.0,
8 PrintedTip 1 0.05 2 0.2;0.05;0.05;0.125;0.1;0.075;1;0.05;0.2;0.05 [0.5756012353820755,-0.8177305288581493,-4.693819311402476e-17,-3.35711084231391e-16,0.8177305288581493,0.5756012353820755,-1.1331838066804824e-16,2.9312371256780303e-16,1.1968158129606727e-16,2.6843406425247458e-17,1.0,15.658856534852186,0.0,0.0,0.0,1.0,
0 PrintedWaypoint 1 0.05 2 0.2;0.05;0.05;0.125;0.1;0.075;1;0.05;0.2;0.05 [0.577353631619311,-0.8164942033205091,1.8488927466117464e-32,0.0,0.8164942033205091,0.577353631619311,1.0436245986102757e-16,0.0,-8.521134352079833e-17,-6.025404520548883e-17,1.0,5.561549080523114e-31,0.0,0.0,0.0,1.0,
10 PrintedWaypoint 1 0.05 2 0.2;0.05;0.05;0.125;0.1;0.075;1;0.05;0.2;0.05 [0.577353631619311,-0.8164942033205091,0.0,7.888609052210118e-31,0.8164942033205091,0.577353631619311,1.8762923706394934e-16,0.0,-1.5319818443616427e-16,-1.0832842141683177e-16,1.0,1.1832913578315177e-30,0.0,0.0,0.0,1.0,
11 PrintedOrthogonalRevoluteJoint 1 -1.5707963267948966 1.5707963267948966 0.05 0 1.625 1.35 0.2;0.05;0.05;0.125;0.1;0.075;1;0.05;0.2;0.05 [-0.511961861710225,0.8590081793290449,3.2191819525234304e-16,-2.2499999999999982,9.646920794508687e-18,-3.690061949936284e-16,1.0,1.8255066274149843,0.8590081793290449,0.511961861710225,1.8063031470372187e-16,3.999999999999992,0.0,0.0,0.0,1.0,
12 PrintedOrthogonalRevoluteJoint 1 -1.5707963267948966 1.5707963267948966 0.05 0 1.625 1.35 0.2;0.05;0.05;0.125;0.1;0.075;1;0.05;0.2;0.05 [6.997544833251287e-17,-3.376874060449289e-16,1.0,-3.2367441636049676,-0.6143956724828632,-0.7889980720092605,-2.2344209967571314e-16,3.885780586188048e-16,0.7889980720092605,-0.6143956724828632,-2.6268417474830407e-16,7.999999999999991,0.0,0.0,0.0,1.0,
13 PrintedOrthogonalRevoluteJoint 1 -1.5707963267948966 1.5707963267948966 0.05 0 1.625 1.35 0.2;0.05;0.05;0.125;0.1;0.075;1;0.05;0.2;0.05 [1.106184857795729e-16,1.9771118820605708e-16,-1.0,-3.2368984517889077,0.5010445658757934,0.865421482866203,2.265283008617886e-16,0.0,0.865421482866203,-0.5010445658757934,-3.3305024677191774e-18,11.999999999999991,0.0,0.0,0.0,1.0,
14 PrintedTip 1 0.05 2 0.2;0.05;0.05;0.125;0.1;0.075;1;0.05;0.2;0.05 [0.9545418080296109,-0.2980770650747245,1.2246467991473535e-16,-2.249999999999998,0.2980770650747245,0.9545418080296109,-3.697785493223493e-32,1.5543122344752192e-15,-1.1689765698557904e-16,3.6503912364299906e-17,1.0,18.95423886204162,0.0,0.0,0.0,1.0,
