0.3141592653589793
-1 Waypoint 4 1 2 [1.0,0.0,0.0,0.0,0.0,-1.0,-1.2246467991473532e-16,0.0,0.0,1.2246467991473532e-16,-1.0,0.0,0.0,0.0,0.0,1.0,
0 ExtendedRevoluteJoint 4 1 3.141592653589793 0.5428932188134525 1 0 [0.4662290855904594,0.8846640264809484,1.0834009683507026e-16,-1.596055258868164e-16,0.8846640264809484,-0.4662290855904594,-5.709659573377533e-17,2.5000000000000004,6.162975822039155e-33,1.2246467991473532e-16,-1.0,-2.7009597074646905,0.0,0.0,0.0,1.0,
1 PrismaticJoint 4 1 2.0 3 0.6283185307179586 0 [-1.5480298838120413e-17,3.7283496104968475e-17,-1.0,-2.661859007649769,-0.8228390676406092,-0.56827446604993,-8.449464178768597e-18,5.000000000000001,-0.56827446604993,0.8228390676406092,3.947537572992077e-17,1.25,0.0,0.0,0.0,1.0,
2 RevoluteJoint 4 1 3.141592653589793 1 0 [-6.128183887155755e-17,1.8369720604550876e-16,-1.0,-4.662170476680705,-3.2051146319993683e-06,-0.9999999999948637,-1.8369700962924677e-16,4.999999999999998,-0.9999999999948637,3.2051146319993683e-06,6.128242764184573e-17,-1.2500000000000004,0.0,0.0,0.0,1.0,
3 Tip 4 1 0.5 True 0 [-6.123214370038439e-17,-6.12325362137219e-17,1.0,-4.662170476680704,-3.205114631999372e-06,0.9999999999948637,6.123233995736766e-17,4.999999999999999,-0.9999999999948637,-3.205114631999372e-06,-6.123233995736765e-17,-3.7500000000000004,0.0,0.0,0.0,1.0,
1 Waypoint 4 1 2 [0.8846640264809484,1.0834009683507027e-16,0.46622908559045934,0.5827863569880742,-0.46622908559045934,5.74142413893493e-17,0.8846640264809484,3.605830033101186,6.907639703262289e-17,-1.0,1.013036182450475e-16,-2.70095970746469,0.0,0.0,0.0,1.0,
5 Waypoint 4 1 2 [0.8846640264809484,1.0834009683507029e-16,0.46622908559045934,0.582786356988074,-0.46622908559045934,5.74142413893493e-17,0.8846640264809484,3.605830033101186,6.90763970326229e-17,-1.0,1.013036182450475e-16,-2.70095970746469,0.0,0.0,0.0,1.0,
6 PrismaticJoint 4 1 2.0 3 0.6283185307179586 0 [-6.628994024038915e-17,5.571752629321344e-17,1.0,4.1337449395670305,-0.9962665694186185,-0.08633031135619366,-6.123233995736769e-17,4.999999999999999,0.08633031135619366,-0.9962665694186185,6.123233995736769e-17,1.2500000000000002,0.0,0.0,0.0,1.0,
7 RevoluteJoint 4 1 3.141592653589793 1 0 [6.123277088039081e-17,6.123190903131192e-17,1.0,6.134045832435816,7.037531797214765e-06,0.9999999999752367,-6.12323399573677e-17,4.999999999999998,-0.9999999999752367,7.037531797214765e-06,6.123233995736766e-17,-1.2499999999999998,0.0,0.0,0.0,1.0,
8 Tip 4 1 0.5 True 0 [6.123154657474129e-17,6.123313332971439e-17,1.0,6.134045832435815,-1.2956837629869064e-05,0.9999999999160603,-6.123233995736769e-17,4.999999999999999,-0.9999999999160603,-1.2956837629869064e-05,6.123233995736764e-17,-3.75,0.0,0.0,0.0,1.0,
0 Waypoint 4 1 2 [1.0,-3.384589236717045e-34,0.0,0.0,-3.384589236717045e-34,-1.0,-2.628937940692188e-16,1.247261086896176e-31,8.897875058063854e-50,2.628937940692188e-16,-1.0,0.0,0.0,0.0,0.0,1.0,
10 Waypoint 4 1 2 [1.0,-3.397950019029364e-34,0.0,0.0,-3.397950019029364e-34,-1.0,-2.628937940692188e-16,0.0,8.932999725602037e-50,2.628937940692188e-16,-1.0,0.0,0.0,0.0,0.0,1.0,
11 PrismaticJoint 4 1 2.0 3 0.6283185307179586 0 [-1.0700595759538114e-17,-6.029010455328136e-17,1.0,4.76848729888067,0.984612128088812,-0.1747539905708043,3.895192984694242e-33,2.0143290518654516e-17,0.1747539905708043,0.984612128088812,6.123233995736766e-17,1.2500000000000002,0.0,0.0,0.0,1.0,
12 RevoluteJoint 4 1 3.141592653589793 1 0 [6.123232912282403e-17,3.642593589863182e-20,1.0,6.7821974155894065,-0.000594880677824631,0.999999823058474,-4.686768648036433e-33,2.220446049250313e-16,-0.999999823058474,-0.000594880677824631,6.12323399573677e-17,-1.2499999999999998,0.0,0.0,0.0,1.0,
13 Tip 4 1 0.5 True 0 [6.123233803653897e-17,-1.5337329289159495e-20,1.0,6.782149450554213,0.0002504775956600857,0.9999999686304867,-2.953406839596433e-33,0.0,-0.9999999686304867,0.0002504775956600857,6.123233995736767e-17,-3.7499999999999987,0.0,0.0,0.0,1.0,
0 Waypoint 4 1 2 [1.0,-3.384589236717045e-34,0.0,0.0,-3.384589236717045e-34,-1.0,-2.628937940692188e-16,2.4945221737923525e-31,8.897875058063854e-50,2.628937940692188e-16,-1.0,0.0,0.0,0.0,0.0,1.0,
15 Waypoint 4 1 2 [1.0,-3.384589236717045e-34,0.0,0.0,-3.384589236717045e-34,-1.0,-2.628937940692188e-16,2.4945221737923525e-31,8.897875058063854e-50,2.628937940692188e-16,-1.0,0.0,0.0,0.0,0.0,1.0,
16 PrismaticJoint 4 1 2.0 3 0.6283185307179586 0 [2.5698645605093207e-17,2.5695134448435024e-16,-1.0,-4.768487552631504,-0.27140142634535147,0.9624662413704228,2.4033234566856324e-16,3.3683373302239095e-17,0.9624662413704228,0.27140142634535147,9.447104023825299e-17,1.2499999999999993,0.0,0.0,0.0,1.0,
17 RevoluteJoint 4 1 3.141592653589793 1 0 [-6.123238292435192e-17,-1.224646584312338e-16,1.0,-6.768521433171368,3.5085208249158566e-07,0.9999999999999386,1.2246467991473532e-16,6.640968182219456e-19,-0.9999999999999386,3.5085208249158566e-07,-6.12323399573677e-17,-1.2499999999999991,0.0,0.0,0.0,1.0,
18 Tip 4 1 0.5 True 0 [-6.123238292435192e-17,-1.2246465843123393e-16,1.0,-6.768521433171368,3.5085208249158566e-07,0.9999999999999386,1.2246467991473544e-16,4.448347541801471e-16,-0.9999999999999386,3.5085208249158566e-07,-6.12323399573677e-17,-3.7499999999999982,0.0,0.0,0.0,1.0,
0 Waypoint 4 1 2 [1.0,-3.384589236717045e-34,0.0,0.0,-3.384589236717045e-34,-1.0,-2.628937940692188e-16,2.494522173792353e-31,8.897875058063854e-50,2.628937940692188e-16,-1.0,0.0,0.0,0.0,0.0,1.0,
20 Waypoint 4 1 2 [1.0,-3.397950019029364e-34,0.0,0.0,-3.397950019029364e-34,-1.0,-2.628937940692188e-16,0.0,8.932999725602037e-50,2.628937940692188e-16,-1.0,0.0,0.0,0.0,0.0,1.0,
21 ExtendedRevoluteJoint 4 1 3.141592653589793 0.5428932188134525 1 0 [-0.6030187602033795,0.7977270052109176,1.250437664127321e-16,-4.705636020664974e-16,-0.7977270052109176,-0.6030187602033795,4.5522997642749306e-17,-2.4999999999999987,1.1171866157114075e-16,-7.229956770145023e-17,1.0,-4.127423626094577,0.0,0.0,0.0,1.0,
22 PrismaticJoint 4 1 2.0 3 0.6283185307179586 0 [-1.8164176200999324e-16,-6.708401344919235e-17,1.0,2.5830101290792116,-0.03202601493138626,0.9994870356175785,6.123233995736767e-17,-4.9999999999999964,-0.9994870356175785,-0.03202601493138626,-1.83697019872103e-16,1.2499999999999996,0.0,0.0,0.0,1.0,
23 RevoluteJoint 4 1 3.141592653589793 1 0 [-1.0076940628533608e-16,-1.6534667013111366e-16,1.0,6.1096740877416025,0.2236751834410587,0.9746637432020382,1.8369701987210302e-16,-4.999999999999996,-0.9746637432020382,0.2236751834410587,-6.123233995736759e-17,-1.2500000000000007,0.0,0.0,0.0,1.0,
24 Tip 4 1 0.5 True 0 [-3.8870222031105466e-17,-1.8969212004139505e-16,1.0,6.109226225795747,-0.11935107167055961,0.9928521147135102,1.8369701987210302e-16,-4.999999999999998,-0.9928521147135102,-0.11935107167055961,-6.123233995736766e-17,-3.7499999999999982,0.0,0.0,0.0,1.0,
22 Waypoint 4 1 2 [0.7977270052109174,1.2504376641273206e-16,-0.6030187602033795,-0.7537734502542246,-0.6030187602033795,-7.174735163001726e-17,-0.7977270052109174,-3.497158756513645,-1.4301578832853117e-16,1.0,1.816893704573837e-17,-4.127423626094577,0.0,0.0,0.0,1.0,
26 Waypoint 4 1 2 [0.7977270052109174,1.250437664127321e-16,-0.6030187602033795,-0.7537734502542245,-0.6030187602033795,-7.174735163001728e-17,-0.7977270052109174,-3.4971587565136453,-1.4301578832853122e-16,1.0,1.816893704573838e-17,-4.127423626094577,0.0,0.0,0.0,1.0,
27 PrismaticJoint 4 1 2.0 3 0.6283185307179586 0 [-3.773147934112187e-18,2.0897753207602093e-16,-1.0,-4.823472944440939,0.7373368466046777,-0.6755252583279696,-1.4395168233990684e-16,-4.999999999999999,-0.6755252583279696,-0.7373368466046777,-1.5153797777926037e-16,1.249999999999998,0.0,0.0,0.0,1.0,
28 RevoluteJoint 4 1 3.141592653589793 1 0 [6.130964506581197e-17,1.836968531393874e-16,-1.0,-6.823769344983169,-2.325946897186771e-06,-0.9999999999972949,-1.836969957418692e-16,-5.000000000000001,-0.9999999999972949,2.325946897186771e-06,-6.130921779652055e-17,-1.2500000000000009,0.0,0.0,0.0,1.0,
29 Tip 4 1 0.5 True 0 [6.123248238037321e-17,-6.123219753403088e-17,1.0,-6.82376934498317,-2.325946897186845e-06,0.999999999997295,6.123233995736765e-17,-5.0,-0.999999999997295,-2.325946897186845e-06,6.123233995736771e-17,-3.7499999999999987,0.0,0.0,0.0,1.0,
