0.3141592653589793
-1 Waypoint 4 1 2 [0.9999999511718755,-0.00031249999491373705,-3.8270211850467214e-20,0.0,-0.00031249999491373705,-0.9999999511718755,-1.2246467393501467e-16,0.0,6.018531076210112e-36,1.2246467991473532e-16,-1.0,0.0,0.0,0.0,0.0,1.0,
0 ExtendedRevoluteJoint 4 1 3.141592653589793 0.5428932188134525 1 0 [-0.024074874676408075,0.9997101582005234,1.2242861796163694e-16,4.3828872822726517e-16,0.9997101582005234,0.024074874676408075,2.9717554781844542e-18,2.5,2.3440504996801046e-20,1.2246467767140574e-16,-1.0,-2.696428000790946,0.0,0.0,0.0,1.0,
1 PrismaticJoint 4 1 2.0 3 0.6283185307179586 0 [-6.70596362874971e-17,-1.8167877580268996e-16,1.0,4.112242386020507,-0.9995058001806325,0.03143493924399523,-6.131543414807598e-17,5.000000000000001,-0.03143493924399523,-0.9995058001806325,-1.8369700577692722e-16,1.2500000000000038,0.0,0.0,0.0,1.0,
2 RevoluteJoint 4 1 3.141592653589793 1 0 [-2.298428614700809e-16,2.5838677085379326e-16,-1.0,8.701678904987567,0.23223751614294863,-0.9726591058000505,-3.047003807402125e-16,4.999999999999998,-0.9726591058000505,-0.23223751614294863,1.6355165024473151e-16,-1.2499999999999984,0.0,0.0,0.0,1.0,
3 Tip 4 1 0.5 True 0 [-4.84472432320719e-17,4.2831709707223707e-16,-1.0,8.833372971308425,-0.0005202410775819072,-0.9999998646746016,-4.2829183486403023e-16,5.000000000000001,-0.9999998646746016,0.0005202410775819072,4.867006482405701e-17,-3.7500000000000004,0.0,0.0,0.0,1.0,
1 Waypoint 4 1 2 [0.9997101582005233,1.7380053628254994e-16,-0.024074874676408037,-0.030093593345509317,0.024074874676408037,3.727865055247566e-18,0.9997101582005233,3.74963769775065,1.738399095063794e-16,-1.0,-4.574415655631506e-19,-2.696428000790946,0.0,0.0,0.0,1.0,
5 Waypoint 4 1 2 [-0.7305182703853786,-0.30085333740522285,-0.6130500191707804,3.011821624895372,0.47858675471914836,0.4148301280907817,-0.7738673549359603,2.0334892050826063,0.4871321944201067,-0.858721860790981,-0.1590565652814323,-2.901187923100263,0.0,0.0,0.0,1.0,
6 PrismaticJoint 4 1 2.0 3 0.6283185307179586 0 [-4.720065398476736e-17,7.260094473710079e-17,1.0,9.733091597691642,-0.978254291811146,0.20740911395855602,-6.123233995736771e-17,4.999999999999998,-0.20740911395855602,-0.978254291811146,6.12323399573677e-17,1.250000000000001,0.0,0.0,0.0,1.0,
7 RevoluteJoint 4 1 3.141592653589793 1 0 [5.847944686211609e-17,6.14432982166414e-17,-1.0,12.50412698765853,0.004037084558474969,-0.9999918509409303,-6.120671103965957e-17,5.000000000000001,-0.9999918509409303,-0.004037084558474969,-5.872702210010142e-17,-1.250000000000002,0.0,0.0,0.0,1.0,
8 Tip 4 1 0.5 True 0 [6.147707502277534e-17,6.147805711962266e-17,-1.0,12.519561019369775,0.004004846360633559,-0.9999919805706583,-6.123135786052016e-17,4.999999999999999,-0.9999919805706583,-0.004004846360633559,-6.17227921850304e-17,-3.749999999999998,0.0,0.0,0.0,1.0,
0 Waypoint 4 1 2 [0.9999999511718756,-0.00031249999491373705,-3.827021185045118e-20,9.860761315262648e-32,-0.00031249999491373705,-0.9999999511718756,-1.159141917422987e-16,-3.944304526105059e-31,-2.047025651890229e-21,1.1591419804186713e-16,-1.0,0.0,0.0,0.0,0.0,1.0,
10 Waypoint 4 1 2 [-0.5802905818322549,-0.396926795451904,0.7111342768345972,2.566972783067444,-0.6695599268593511,-0.2645726185189814,-0.6940395045486317,-3.4759621760449324,0.46362953419824704,-0.8788916022936457,-0.1122372773940305,-0.3420174296312513,0.0,0.0,0.0,1.0,
11 PrismaticJoint 4 1 2.0 3 0.6283185307179586 0 [-2.750584937885573e-17,5.470674278918771e-17,1.0,8.07246080807425,-0.89342891072392,-0.4492046098190334,1.296136979186703e-33,-1.942890293094024e-16,0.4492046098190334,-0.89342891072392,6.123233995736762e-17,1.2500000000000004,0.0,0.0,0.0,1.0,
12 RevoluteJoint 4 1 3.141592653589793 1 0 [-5.248235137600813e-17,-1.2589237945325594e-16,1.0,13.157254140262737,-0.06250956157737539,0.9980443651017745,1.2236553114751247e-16,-8.326672684688674e-15,-0.9980443651017745,-0.06250956157737539,-6.024919250367189e-17,-1.2499999999999898,0.0,0.0,0.0,1.0,
13 Tip 4 1 0.5 True 0 [1.2947280300633143e-16,-2.2533865577869937e-16,1.0,13.157254140262737,-0.06250956157737543,0.9980443651017746,2.32991263791659e-16,-1.0769163338864018e-14,-0.9980443651017746,-0.06250956157737543,1.1513378089523956e-16,-3.7499999999999982,0.0,0.0,0.0,1.0,
0 Waypoint 4 1 2 [0.9999999511718756,-0.00031249999491373705,-3.827021185045118e-20,1.9721522630525295e-31,-0.00031249999491373705,-0.9999999511718756,-1.159141917422987e-16,-5.82594310994842e-33,-2.047025651890229e-21,1.1591419804186713e-16,-1.0,0.0,0.0,0.0,0.0,1.0,
15 Waypoint 4 1 2 [0.00019932860216644434,-0.7071067620508659,0.7071067722275389,-6.322080801087189,0.9999999767255967,8.256460858515822e-05,-0.00019932860216644434,-1.3039696321038974,8.256460858515829e-05,0.7071067955019423,0.7071067620508659,13.392782211682558,0.0,0.0,0.0,1.0,
16 PrismaticJoint 4 1 2.0 3 0.6283185307179586 0 [3.20718988283118e-16,7.819802971757348e-17,1.0,17.088913242041983,0.5830329870686413,-0.8124484820527499,-1.2345787920478046e-16,-2.220446049250313e-15,0.8124484820527499,0.5830329870686413,-3.0615968604523216e-16,1.2500000000000215,0.0,0.0,0.0,1.0,
17 RevoluteJoint 4 1 3.141592653589793 1 0 [-7.178841651489467e-17,-3.665021771117925e-16,1.0,19.85187909916069,0.011315957750442971,0.9999359725003347,3.6729106558202395e-16,3.084338340286763e-15,-0.9999359725003347,0.011315957750442971,-6.763649693043787e-17,-1.2500000000000004,0.0,0.0,0.0,1.0,
18 Tip 4 1 0.5 True 0 [-5.675640853377935e-17,-3.688868021351422e-16,1.0,19.712587040200344,-0.02513728758625143,0.9996840084610769,3.673435348631706e-16,3.77696184776135e-15,-0.9996840084610769,-0.02513728758625143,-6.601128762094669e-17,-3.7499999999999964,0.0,0.0,0.0,1.0,
0 Waypoint 4 1 2 [0.5913913895045209,-0.8058099987764326,0.030437974502878624,-3.159743898825239,-0.16837557919017979,-0.0864821183568581,0.981921843904535,-1.3915282660165484,-0.7886100993217646,-0.5858251352378423,-0.18682350540357665,2.7046502799773533,0.0,0.0,0.0,1.0,
20 Waypoint 4 1 2 [0.727276863544003,-0.6426431892894242,0.2409939729817221,-12.747195516008134,0.5072174498217995,0.7397965922650076,0.44207630638765577,3.27522912294354,-0.4623838474145351,-0.19927552115851926,0.8639967848997661,5.586427887048993,0.0,0.0,0.0,1.0,
21 ExtendedRevoluteJoint 4 1 3.141592653589793 0.5428932188134525 1 0 [0.8633583050969789,0.5045913564658752,4.130483651644853e-16,-5.037905050155113e-15,-0.5045913564658752,0.8633583050969789,-2.5119956283852363e-16,-2.499999999999979,-4.833618646278135e-16,8.454593949010014e-18,1.0,8.232425337929033,0.0,0.0,0.0,1.0,
22 PrismaticJoint 4 1 2.0 3 0.6283185307179586 0 [1.9031176208478228e-16,3.571313174074407e-17,1.0,6.885233089061993,-0.1358307830804083,-0.9907320517515132,6.12323399573678e-17,-4.999999999999996,0.9907320517515132,-0.1358307830804083,-1.8369701987210314e-16,1.2499999999999964,0.0,0.0,0.0,1.0,
23 RevoluteJoint 4 1 3.141592653589793 1 0 [-1.1810493225531979e-16,-6.054006139859743e-16,1.0,12.512188759163564,0.2946181217236723,0.9556150701783724,6.133258035276003e-16,-4.9999999999999964,-0.9556150701783724,0.2946181217236723,6.549913865732637e-17,-1.250000000000005,0.0,0.0,0.0,1.0,
24 Tip 4 1 0.5 True 0 [2.2442391970909837e-17,-4.349471726479983e-16,1.0,13.091628085858323,-0.27046468664996615,0.9627298963236447,4.248065209417576e-16,-5.000000000000004,-0.9627298963236447,-0.27046468664996615,-9.603188906412095e-17,-3.75,0.0,0.0,0.0,1.0,
22 Waypoint 4 1 2 [0.5045913564658753,4.130483651644854e-16,0.863358305096979,1.0791978813712184,0.863358305096979,-2.7132523872278354e-16,-0.5045913564658753,-3.130739195582323,2.5830263369375717e-17,1.0,-4.935171067220449e-16,8.232425337929033,0.0,0.0,0.0,1.0,
26 Waypoint 4 1 2 [0.5045913564658753,4.611859241886512e-16,0.8633583050969788,1.0791978813712164,0.8633583050969788,-2.0879185012369378e-16,-0.5045913564658753,-3.1307391955823225,-5.2448253228465124e-17,1.0,-5.035232607150321e-16,8.232425337929035,0.0,0.0,0.0,1.0,
27 PrismaticJoint 4 1 2.0 3 0.6283185307179586 0 [5.2668233362854054e-17,-6.873758875422711e-17,1.0,16.286980473517207,0.1312162445740369,0.9913537699327555,6.12323399573677e-17,-4.999999999999998,-0.9913537699327555,0.1312162445740369,6.123233995736772e-17,1.2500000000000022,0.0,0.0,0.0,1.0,
28 RevoluteJoint 4 1 3.141592653589793 1 0 [-1.267882976488874e-16,2.289685380301846e-16,-1.0,21.08281177075093,0.17355221391890802,-0.984824669189316,-2.4749825447631173e-16,-5.0000000000000115,-0.984824669189316,-0.17355221391890802,8.512624659622783e-17,-1.249999999999961,0.0,0.0,0.0,1.0,
29 Tip 4 1 0.5 True 0 [5.855049479079548e-17,1.8626623532729822e-16,-1.0,21.08307586585352,0.042878163936110006,-0.9990803086126101,-1.8358439016072604e-16,-4.999999999999998,-0.9990803086126101,-0.042878163936110006,-6.64834005791349e-17,-3.7499999999999947,0.0,0.0,0.0,1.0,
