0.3141592653589793
-1 Waypoint 4 1 2 [1.0,0.0,0.0,0.0,0.0,1.0,0.0,0.0,0.0,0.0,1.0,0.0,0.0,0.0,0.0,1.0,
0 ExtendedRevoluteJoint 4 1 3.141592653589793 0.5428932188134525 1 0 [0.03659258896539349,-0.9993302669452225,-2.4476307424236704e-16,4.706521630759575e-16,0.9993302669452225,0.03659258896539349,9.023790439713423e-18,2.5,-6.123233931953495e-20,-2.4492935217542825e-16,1.0,1.1696996829029296,0.0,0.0,0.0,1.0,
1 PrismaticJoint 4 1 2.0 3 0.6283185307179586 0 [-3.122346228318536e-17,1.9121882736208103e-16,-1.0,-2.088487351881132,0.8844727364021505,0.4665918757986385,6.160485022133109e-17,4.999999999999996,0.4665918757986385,-0.8844727364021505,-1.8369645332418968e-16,1.2499999999999967,0.0,0.0,0.0,1.0,
2 RevoluteJoint 4 1 3.141592653589793 1 0 [-6.334636172119068e-17,-5.487697057611696e-16,1.0,-4.39887590304268,0.0372174029012678,0.9993071924695053,5.507471010430177e-16,4.999999999999995,-0.9993071924695053,0.0372174029012678,-4.287869164543716e-17,-1.2499999999999982,0.0,0.0,0.0,1.0,
3 Tip 4 1 0.5 True 0 [-6.073662575544969e-17,-7.962397266054514e-16,1.0,-4.398875903042677,-0.0035891863665463643,0.9999935588498691,7.960166028367203e-16,4.999999999999998,-0.9999935588498691,-0.0035891863665463643,-6.359408731295963e-17,-3.7499999999999973,0.0,0.0,0.0,1.0,
1 Waypoint 4 1 2 [-0.9993302669452225,-2.44763074242367e-16,0.03659258896539349,0.04574073620674234,0.03659258896539349,5.2499801526743667e-17,0.9993302669452225,3.7491628336815284,-2.465202519789908e-16,1.0,-4.3508126104634926e-17,1.1696996829029294,0.0,0.0,0.0,1.0,
5 Waypoint 4 1 2 [-0.9993302669452226,-2.4476307424236684e-16,0.03659258896539349,0.04574073620674233,0.03659258896539349,1.1124147563085583e-16,0.9993302669452226,3.749162833681528,-2.4866976191462157e-16,1.0,-1.0221045896790661e-16,1.1696996829029291,0.0,0.0,0.0,1.0,
6 PrismaticJoint 4 1 2.0 3 0.6283185307179586 0 [8.207103704425128e-17,-2.7625057317414283e-17,1.0,2.2137508193746935,0.8957365865655325,0.44458516336909903,-6.123233995736765e-17,5.0,-0.44458516336909903,0.8957365865655325,6.123233995736769e-17,1.249999999999999,0.0,0.0,0.0,1.0,
7 RevoluteJoint 4 1 3.141592653589793 1 0 [4.644042371785822e-17,2.9434339966819736e-16,-1.0,4.50139834800804,-0.21678884379784497,-0.9762185191875812,-2.9741124352000243e-16,4.999999999999993,-0.9762185191875812,0.21678884379784497,1.8474363621304115e-17,-1.2500000000000007,0.0,0.0,0.0,1.0,
8 Tip 4 1 0.5 True 0 [1.2437649608197039e-16,5.36041876612785e-16,-1.0,4.486594126370441,-0.16742805490580626,-0.9858842966750503,-5.492993833277734e-16,4.999999999999983,-0.9858842966750503,0.16742805490580626,-3.2872385613343724e-17,-3.749999999999989,0.0,0.0,0.0,1.0,
0 Waypoint 4 1 2 [1.0,7.855026172007063e-64,0.0,0.0,-7.855026172007063e-64,1.0,2.0252077237548084e-16,0.0,1.590805967384487e-79,-2.0252077237548084e-16,1.0,1.0928501635259733e-46,0.0,0.0,0.0,1.0,
10 Waypoint 4 1 2 [1.0,-7.173297040706219e-33,0.0,0.0,7.173297040706219e-33,1.0,3.365365473077234e-16,0.0,-2.414076618891981e-48,-3.365365473077234e-16,1.0,-7.141795151652411e-31,0.0,0.0,0.0,1.0,
11 PrismaticJoint 4 1 2.0 3 0.6283185307179586 0 [5.330309002138842e-17,-1.7562260200719808e-16,-1.0,-2.2442680801998414,-0.9378640015766798,-0.34700304688370914,1.0950528694281412e-17,8.906114465454397e-16,-0.34700304688370914,0.9378640015766798,-1.8320645093151782e-16,1.2499999999999898,0.0,0.0,0.0,1.0,
12 RevoluteJoint 4 1 3.141592653589793 1 0 [4.831470923380331e-17,3.6794145030311996e-16,-1.0,-6.579950283605791,0.014527745683507717,-0.9998944667340427,-3.6720071643166698e-16,-2.2258670601127406e-16,-0.9998944667340427,-0.014527745683507717,-5.365497024116879e-17,-1.2499999999999982,0.0,0.0,0.0,1.0,
13 Tip 4 1 0.5 True 0 [3.5383639186957136e-17,-7.349930400252795e-16,1.0,-6.579950283605791,0.014515247001538887,0.999894648252747,7.344020049616819e-16,1.4303526409587556e-16,-0.999894648252747,0.014515247001538887,4.6048516979123495e-17,-3.7499999999999933,0.0,0.0,0.0,1.0,
0 Waypoint 4 1 2 [1.0,7.855026172007063e-64,0.0,0.0,-7.855026172007063e-64,1.0,2.0252077237548084e-16,0.0,1.590805967384487e-79,-2.0252077237548084e-16,1.0,1.8214169392099554e-46,0.0,0.0,0.0,1.0,
15 Waypoint 4 1 2 [1.0,-3.1825200328862835e-32,0.0,0.0,3.1825200328862835e-32,1.0,3.365365473077234e-16,0.0,-1.0710343036052123e-47,-3.365365473077234e-16,1.0,-1.9044787071073095e-30,0.0,0.0,0.0,1.0,
16 PrismaticJoint 4 1 2.0 3 0.6283185307179586 0 [8.796053435373276e-17,1.0492826921034692e-16,1.0,2.174759790061885,0.9173235519444481,0.39814256372312357,-1.224646799147354e-16,-8.092216754272234e-16,-0.39814256372312357,0.9173235519444481,-6.123233995736765e-17,1.2499999999999991,0.0,0.0,0.0,1.0,
17 RevoluteJoint 4 1 3.141592653589793 1 0 [-6.484035190290043e-17,-3.6550611489321624e-16,1.0,4.488862658247434,0.029935740691062147,0.9995518252843509,3.672833482549884e-16,1.7828736064899353e-15,-0.9995518252843509,0.029935740691062147,-5.386959582018287e-17,-1.2500000000000009,0.0,0.0,0.0,1.0,
18 Tip 4 1 0.5 True 0 [-5.913813841268453e-17,9.809175093662136e-16,-1.0,4.488612658247433,-0.02000043876198126,-0.9997999712189076,-9.795385089166421e-16,1.787176165120599e-15,-0.9997999712189076,0.02000043876198126,7.874508965957588e-17,-3.74999999999999,0.0,0.0,0.0,1.0,
0 Waypoint 4 1 2 [1.0,7.855026172007063e-64,0.0,0.0,-7.855026172007063e-64,1.0,2.0252077237548084e-16,0.0,1.590805967384487e-79,-2.0252077237548084e-16,1.0,1.4571335513679643e-46,0.0,0.0,0.0,1.0,
20 Waypoint 4 1 2 [1.0,3.604421865834301e-63,0.0,0.0,-3.604421865834301e-63,1.0,3.365365473077234e-16,-3.1903773721867693e-46,1.213019689768338e-78,-3.365365473077234e-16,1.0,0.0,0.0,0.0,0.0,1.0,
21 ExtendedRevoluteJoint 4 1 3.141592653589793 0.5428932188134525 1 0 [-0.031249541324098424,-0.9995116138229878,-1.2240486985789274e-16,-4.128863018701328e-16,-0.9995116138229878,0.031249541324098424,3.826965075738006e-18,-2.499999999999999,7.703719777548943e-34,1.2246467991473532e-16,-1.0,1.6906731364773855,0.0,0.0,0.0,1.0,
22 PrismaticJoint 4 1 2.0 3 0.6283185307179586 0 [4.6864104887499276e-17,-3.1063296880147385e-16,-1.0,-2.2191460105119476,0.9274730254769399,0.373890073434227,-7.26773903699974e-17,-5.000000000000002,0.373890073434227,-0.9274730254769399,3.0562572300500324e-16,1.2499999999999996,0.0,0.0,0.0,1.0,
23 RevoluteJoint 4 1 3.141592653589793 1 0 [-5.579538130986863e-17,5.481199253100267e-16,-1.0,-5.802081280652287,0.04055643855240376,-0.9991772491865222,-5.499318211491959e-16,-4.999999999999992,-0.9991772491865222,-0.04055643855240376,3.351968354432338e-17,-1.2499999999999987,0.0,0.0,0.0,1.0,
24 Tip 4 1 0.5 True 0 [-6.312717396993356e-17,-1.1595626723973672e-15,1.0,-5.802081280652286,0.03795610375899633,0.9992794074669189,1.161123161759213e-15,-4.999999999999981,-0.9992794074669189,0.03795610375899633,-1.9069203891162767e-17,-3.7499999999999867,0.0,0.0,0.0,1.0,
22 Waypoint 4 1 2 [-0.9995116138229878,-1.2240486985789269e-16,-0.031249541324098424,-0.03906192665512345,0.031249541324098424,1.545877844051327e-16,-0.9995116138229878,-3.749389517278734,1.2717588636842412e-16,-1.0,-1.506871898291992e-16,1.6906731364773848,0.0,0.0,0.0,1.0,
26 Waypoint 4 1 2 [-0.9995116138229878,-2.4008879509810574e-16,-0.031249541324098264,-0.03906192665511887,0.031249541324098264,1.5458778440513266e-16,-0.9995116138229878,-3.749389517278729,2.448023364062933e-16,-1.0,-1.4700962114422304e-16,1.6906731364773435,0.0,0.0,0.0,1.0,
27 PrismaticJoint 4 1 2.0 3 0.6283185307179586 0 [6.919041088464812e-17,5.207193058570881e-17,1.0,2.103891997020412,-0.9901821615406526,0.13978299956246862,6.123233995736772e-17,-4.999999999999991,-0.13978299956246862,-0.9901821615406526,6.123233995736775e-17,1.2499999999999987,0.0,0.0,0.0,1.0,
28 RevoluteJoint 4 1 3.141592653589793 1 0 [6.014411159569532e-17,4.299017196025808e-16,-1.0,4.401116172713993,0.02105053065071755,-0.9997784130292688,-4.2854039351821653e-16,-4.999999999999996,-0.9997784130292688,-0.02105053065071755,-6.918044376948981e-17,-1.2499999999999978,0.0,0.0,0.0,1.0,
29 Tip 4 1 0.5 True 0 [6.208870783851978e-17,-5.499694663613615e-16,1.0,4.400616172713994,-0.018150278039231308,0.9998352701355852,5.510057972761013e-16,-5.000000000000003,-0.9998352701355852,-0.018150278039231308,5.2096381246549464e-17,-3.749999999999999,0.0,0.0,0.0,1.0,
