0.3141592653589793
-1 Waypoint 4 1 2 [0.577353631619311,-0.8164942033205091,0.0,0.0,0.8164942033205091,0.577353631619311,0.0,0.0,-0.0,0.0,1.0,0.0,0.0,0.0,0.0,1.0,
0 ExtendedRevoluteJoint 4 1 3.141592653589793 0.21126056575222807 1 0 [0.8261820536173979,-0.25965980489967827,-0.5000000000000003,3.1703709480913727,-0.2163594184718743,0.6731928416423582,-0.7071067811865471,-1.1732726569479117,0.5202036296673176,0.6923786418434267,0.5000000000000004,3.8296290519086256,0.0,0.0,0.0,1.0,
1 ExtendedRevoluteJoint 4 1 3.141592653589793 0.21126056575222807 1 0 [0.4254642420794754,0.7543077480125323,0.4999999999999998,7.001474820982361,0.7034375991595492,0.0719412544278264,-0.7071067811865477,-2.4079917050770647,-0.5693467509351284,0.6525674503065664,-0.5,2.596060293580464,0.0,0.0,0.0,1.0,
2 ExtendedRevoluteJoint 4 1 3.141592653589793 0.21126056575222807 1 0 [-0.2024464201969841,-0.8420305498908139,0.49999999999999967,8.815993797047764,-0.6567878576260279,-0.2619727277313652,-0.7071067811865479,-0.9741090502120857,0.7263918756597149,-0.47154516536124247,-0.4999999999999998,6.43839556700744,0.0,0.0,0.0,1.0,
3 Tip 4 1 1 True 2 [-0.49999367551808027,0.5000063244019227,0.7071067811865476,12.269410990816787,-0.7071157252415207,-0.7070978370184415,-5.368432429631919e-18,2.319867388467234e-15,0.49999367551808027,-0.5000063244019227,0.7071067811865476,11.269410990816786,0.0,0.0,0.0,1.0,
0 Waypoint 4 1 2 [0.5773536316193111,-0.8164942033205093,1.634890652806767e-16,8.881784197001252e-16,0.8164942033205093,0.5773536316193111,1.0928218668985782e-16,0.0,-1.8361927752830393e-16,7.039340675127191e-17,1.0,-1.7763568394002505e-15,0.0,0.0,0.0,1.0,
5 Waypoint 4 1 2 [0.5773536316193111,-0.8164942033205091,2.1985854934633312e-16,-1.7763568394002505e-15,0.8164942033205091,0.577353631619311,2.8075779377050906e-16,1.7763568394002505e-15,-3.5617324305833453e-16,1.7416699252908153e-17,1.0,-1.7763568394002505e-15,0.0,0.0,0.0,1.0,
6 ExtendedRevoluteJoint 4 1 3.141592653589793 0.21126056575222807 1 0 [1.664315540535288e-16,5.878023663282661e-17,-1.0,-0.6985558293806307,0.0037308334744416815,0.9999930404165752,5.940075595993228e-17,-8.881784197001252e-16,0.9999930404165752,-0.0037308334744416815,1.6621109648477843e-16,8.000000000000004,0.0,0.0,0.0,1.0,
7 ExtendedRevoluteJoint 4 1 3.141592653589793 0.21126056575222807 1 0 [-1.1772140273375404e-16,-5.339051583458689e-16,1.0,-0.6985558293806315,0.00373083347444192,-0.9999930404165751,-5.33462243638401e-16,3.5461380312759754e-15,0.9999930404165751,0.00373083347444192,1.197124946787648e-16,11.999999999999991,0.0,0.0,0.0,1.0,
8 Tip 4 1 1 True 2 [7.558528916056037e-05,0.999999997143432,1.2246467991473532e-16,4.647822125667762e-16,-0.999999997143432,7.558528916056037e-05,-2.465190328815662e-32,-1.615662630346452e-30,-9.256528243335391e-21,-1.2246467956490664e-16,1.0,15.79523478026789,0.0,0.0,0.0,1.0,
0 Waypoint 4 1 2 [0.577353631619311,-0.8164942033205091,0.0,0.0,0.8164942033205091,0.577353631619311,2.1689916970886416e-16,-4.5545170847184815e-31,-1.7709691477231896e-16,-1.2522752332662596e-16,1.0,0.0,0.0,0.0,0.0,1.0,
10 Waypoint 4 1 2 [0.577353631619311,-0.8164942033205091,4.930380657631324e-32,0.0,0.8164942033205091,0.577353631619311,2.446547435491417e-16,-7.888609052210118e-31,-1.9975917992273994e-16,-1.412523046809881e-16,1.0,-1.5777218104420236e-30,0.0,0.0,0.0,1.0,
11 ExtendedRevoluteJoint 4 1 3.141592653589793 0.21126056575222807 1 0 [-0.3757276975477177,0.9267301102777933,4.1081478797356187e-16,-2.2499999999999982,6.937894265971606e-17,-4.1516639345450987e-16,1.0,1.5140859641988071,0.9267301102777933,0.3757276975477177,9.169395792985748e-17,3.999999999999999,0.0,0.0,0.0,1.0,
12 ExtendedRevoluteJoint 4 1 3.141592653589793 0.21126056575222807 1 0 [-1.7676308830039255e-17,2.5823855586080344e-16,-1.0,-3.196476891402102,-0.5589415453510078,0.829207060317643,2.2401325713957406e-16,2.0689516399814424e-15,0.829207060317643,0.5589415453510078,1.2968293739982638e-16,8.0,0.0,0.0,0.0,1.0,
13 ExtendedRevoluteJoint 4 1 3.141592653589793 0.21126056575222807 1 0 [1.1274809103153393e-16,-3.226137549936103e-16,1.0,-3.196500480505978,0.4827899342139803,-0.8757361928238782,-3.369581850025858e-16,2.9857200913729717e-15,0.8757361928238782,0.4827899342139803,5.701708956177471e-17,11.999999999999996,0.0,0.0,0.0,1.0,
14 Tip 4 1 1 True 2 [-1.4198877881402711e-05,0.999999999899196,1.2246467991473535e-16,-2.2499999999999982,-0.999999999899196,-1.4198877881402711e-05,-1.2301877519773469e-32,2.211772431870429e-16,1.738861034882097e-21,-1.224646799023904e-16,1.0,16.577858711154708,0.0,0.0,0.0,1.0,
