0.3141592653589793
-1 Waypoint 4 1 2 [0.9999992949219578,0.0011874997209065953,0.0,0.0,-0.0011874997209065953,0.9999992949219578,0.0,0.0,0.0,-0.0,1.0,0.0,0.0,0.0,0.0,1.0,
0 ExtendedRevoluteJoint 4 1 3.141592653589793 0.5428932188134525 1 0 [-0.0021693023559353737,0.9999976470608762,3.6739317528839568e-16,4.894042295490126e-18,0.9999976470608762,0.0021693023559353737,7.969887559737195e-19,2.499999999999998,-9.62964972193618e-35,3.6739403974420574e-16,-1.0,1.1880086505067269,0.0,0.0,0.0,1.0,
1 PrismaticJoint 4 1 2.0 3 0.6283185307179586 0 [-6.525109832195368e-17,5.693059881195732e-17,1.0,2.1648278260509093,-0.9976892702367618,-0.0679420345179473,-6.123233995736773e-17,4.999999999999996,0.0679420345179473,-0.9976892702367618,6.12323399573677e-17,1.249999999999999,0.0,0.0,0.0,1.0,
2 RevoluteJoint 4 1 3.141592653589793 1 0 [-6.320993777318874e-17,-5.91887039900258e-17,1.0,4.450678918671006,0.03283586570399479,0.9994607575705358,6.123233995736767e-17,5.0,-0.9994607575705358,0.03283586570399479,-6.123233995736765e-17,-1.2500000000000009,0.0,0.0,0.0,1.0,
3 Tip 4 1 0.5 True 0 [-6.320993777318873e-17,-3.0411806381949653e-16,1.0,4.450678918671006,0.03283586570399479,0.9994607575705358,3.060296234837968e-16,4.999999999999995,-0.9994607575705358,0.03283586570399479,-5.318987239104172e-17,-3.7499999999999987,0.0,0.0,0.0,1.0,
1 Waypoint 4 1 2 [0.9999976470608761,3.6739317528839563e-16,-0.0021693023559353737,-0.002711627944919212,0.0021693023559353737,-1.090708838174742e-16,0.9999976470608761,3.749997058826092,3.6715570310939043e-16,-1.0,-1.0986761406103207e-16,1.1880086505067264,0.0,0.0,0.0,1.0,
5 Waypoint 4 1 2 [0.9999976470608761,3.381939374890178e-16,-0.002169302355935424,-0.00271162794492108,0.002169302355935424,-1.0907088381747417e-16,0.9999976470608761,3.749997058826093,3.379565340140416e-16,-1.0,-1.0980427208568236e-16,1.1880086505067293,0.0,0.0,0.0,1.0,
6 PrismaticJoint 4 1 2.0 3 0.6283185307179586 0 [8.439441512816507e-17,-1.9814673190916082e-17,-1.0,-2.1701316879245756,0.8505811469284797,0.5258438099757684,6.136487516993686e-17,5.0000000000000036,0.5258438099757684,-0.8505811469284797,6.123226824041334e-17,1.2500000000000067,0.0,0.0,0.0,1.0,
7 RevoluteJoint 4 1 3.141592653589793 1 0 [6.158571132952401e-17,6.155680161183575e-17,-1.0,-4.50385998859986,0.005284957952255759,-0.999986034512204,-6.123046404623778e-17,4.999999999999997,-0.999986034512204,-0.005284957952255759,-6.191017636321793e-17,-1.250000000000002,0.0,0.0,0.0,1.0,
8 Tip 4 1 0.5 True 0 [6.174721567527501e-17,7.963440901775932e-16,-1.0,-4.50385998859986,0.005272458126411795,-0.9999861004960545,-7.960074617806994e-16,4.999999999999992,-0.9999861004960545,-0.005272458126411795,-6.594504828928396e-17,-3.749999999999991,0.0,0.0,0.0,1.0,
0 Waypoint 4 1 2 [0.9999992949219579,0.0011874997209065953,-9.315833123416243e-36,0.0,-0.0011874997209065953,0.9999992949219579,1.2420464464677134e-16,0.0,1.474929808533438e-19,-1.2420455707280366e-16,1.0,1.3682770569803537e-47,0.0,0.0,0.0,1.0,
10 Waypoint 4 1 2 [0.9999992949219579,0.0011874997209067352,-1.5013150494625526e-16,1.77635683940025e-15,-0.0011874997209067352,0.9999992949219579,2.582204388855258e-16,-7.888609052210118e-31,1.504380357909367e-16,-2.580419756997414e-16,1.0,-8.88178419700126e-16,0.0,0.0,0.0,1.0,
11 PrismaticJoint 4 1 2.0 3 0.6283185307179586 0 [-2.2380375386521564e-17,5.699586462216926e-17,-1.0,-2.1691421252368803,-0.9316672179149111,-0.3633128060813294,1.4373456134002027e-19,1.1998758441197018e-17,-0.3633128060813294,0.9316672179149111,6.1232255608022e-17,1.2500000000000093,0.0,0.0,0.0,1.0,
12 RevoluteJoint 4 1 3.141592653589793 1 0 [6.123166681156283e-17,1.2217756298315996e-16,-1.0,-4.469989956203508,-0.004688975331908919,-0.999989006694742,-1.2246333362312552e-16,-2.2112063483665066e-16,-0.999989006694742,0.004688975331908919,-6.065810609421733e-17,-1.250000000000002,0.0,0.0,0.0,1.0,
13 Tip 4 1 0.5 True 0 [6.12316668115628e-17,-2.4464224289789524e-16,1.0,-4.469989956203508,-0.004688975331908919,0.999989006694742,2.449266672462512e-16,-8.755752291382922e-16,-0.999989006694742,-0.004688975331908919,6.008387223106698e-17,-3.7500000000000004,0.0,0.0,0.0,1.0,
0 Waypoint 4 1 2 [0.9999992949219579,0.0011874997209065953,0.0,0.0,-0.0011874997209065953,0.9999992949219579,1.2420464464677134e-16,-1.1035570813974032e-31,1.474929808533438e-19,-1.2420455707280366e-16,1.0,0.0,0.0,0.0,0.0,1.0,
15 Waypoint 4 1 2 [0.9999992949219579,0.0011874997209065953,4.930380657631324e-32,-1.9721522630525295e-31,-0.0011874997209065953,0.9999992949219579,2.582204388855258e-16,-2.293774610363833e-31,3.0663669910889116e-19,-2.5822025681996437e-16,1.0,0.0,0.0,0.0,0.0,1.0,
16 PrismaticJoint 4 1 2.0 3 0.6283185307179586 0 [1.00985670820163e-16,-9.246021615957279e-17,1.0,2.148544420453314,0.357690480412799,-0.9338402005814813,-1.2246467991473542e-16,-7.804980336991505e-16,0.9338402005814813,0.357690480412799,-6.123233995736762e-17,1.2499999999999993,0.0,0.0,0.0,1.0,
17 RevoluteJoint 4 1 3.141592653589793 1 0 [-2.389561772670482e-16,-2.430292443708359e-16,1.0,4.6518079142116315,-0.11713671438978891,0.993115798958996,2.133656407055378e-16,1.096345236817342e-15,-0.993115798958996,-0.11713671438978891,-2.6577880208898485e-16,-1.2499999999999996,0.0,0.0,0.0,1.0,
18 Tip 4 1 0.5 True 0 [7.593938825800245e-17,1.2497399762493657e-16,-1.0,4.6518079142116315,-0.1171367143897889,-0.993115798958996,-1.3300894193370147e-16,2.2065682614424986e-15,-0.993115798958996,0.1171367143897889,-6.077756277636115e-17,-3.7499999999999973,0.0,0.0,0.0,1.0,
0 Waypoint 4 1 2 [0.9999992949219579,0.0011874997209065953,-9.315833123416243e-36,0.0,-0.0011874997209065953,0.9999992949219579,1.2420464464677134e-16,0.0,1.474929808533438e-19,-1.2420455707280366e-16,1.0,1.3700711278130328e-47,0.0,0.0,0.0,1.0,
20 Waypoint 4 1 2 [0.9999992949219579,0.0011874997209065953,4.930380657631324e-32,-5.9164567891575885e-31,-0.0011874997209065953,0.9999992949219579,2.582204388855258e-16,-2.2913727613763057e-31,3.0663669910889116e-19,-2.5822025681996437e-16,1.0,0.0,0.0,0.0,0.0,1.0,
21 ExtendedRevoluteJoint 4 1 3.141592653589793 0.5428932188134525 1 0 [-0.04084309698270931,0.9991655725798708,4.850798581964047e-16,-4.497761916079042e-16,-0.9991655725798708,-0.04084309698270931,1.7787714360343125e-17,-2.4999999999999973,3.758503549641407e-17,-4.839485889190532e-16,1.0,1.1426140812108847,0.0,0.0,0.0,1.0,
22 PrismaticJoint 4 1 2.0 3 0.6283185307179586 0 [-1.199698270645113e-16,1.5199090486163228e-16,1.0,2.0917717639349918,0.940585550136417,0.3395568036051908,6.123233995736765e-17,-4.999999999999995,-0.3395568036051908,0.940585550136417,-1.8369701987210314e-16,1.2499999999999976,0.0,0.0,0.0,1.0,
23 RevoluteJoint 4 1 3.141592653589793 1 0 [-3.478614267468855e-17,-6.74741989126756e-16,1.0,4.504054004616145,-0.030412972685785068,0.9995374185554106,6.733719159956912e-16,-4.999999999999985,-0.9995374185554106,-0.030412972685785068,-5.529096093582269e-17,-1.2499999999999976,0.0,0.0,0.0,1.0,
24 Tip 4 1 0.5 True 0 [-2.0898742747638072e-17,-1.164206686749645e-15,1.0,4.504054004616146,-0.030412972685785068,0.9995374185554106,1.1630325534463361e-15,-4.999999999999973,-0.9995374185554106,-0.030412972685785068,-5.629606154175304e-17,-3.749999999999981,0.0,0.0,0.0,1.0,
22 Waypoint 4 1 2 [0.9991655725798708,4.850798581964047e-16,-0.04084309698270931,-0.0510538712283871,-0.04084309698270931,-4.433373757866511e-17,-0.9991655725798708,-3.7489569657248354,-4.864858214053046e-16,1.0,-2.4484580599718016e-17,1.1426140812108845,0.0,0.0,0.0,1.0,
26 Waypoint 4 1 2 [0.9991655725798708,4.850798581964052e-16,-0.04084309698270931,-0.05105387122838708,-0.04084309698270931,-4.433373757866511e-17,-0.9991655725798708,-3.748956965724835,-4.864858214053051e-16,1.0,-2.4484580599717997e-17,1.1426140812108845,0.0,0.0,0.0,1.0,
27 PrismaticJoint 4 1 2.0 3 0.6283185307179586 0 [-7.355019996176499e-17,4.550458767861946e-17,-1.0,-2.243525977437855,0.22809051765244706,-0.9736399312667074,-6.108118680245089e-17,-4.999999999999998,-0.9736399312667074,-0.22809051765244706,6.123224667624797e-17,1.2500000000000202,0.0,0.0,0.0,1.0,
28 RevoluteJoint 4 1 3.141592653589793 1 0 [6.290105428401679e-17,1.8198153705007535e-16,-1.0,-4.522575691788161,-0.027634066826720875,-0.9996181062538915,-1.8365025137672443e-16,-5.000000000000004,-0.9996181062538915,0.027634066826720875,-5.784814280869093e-17,-1.2499999999999984,0.0,0.0,0.0,1.0,
29 Tip 4 1 0.5 True 0 [6.019066930877415e-17,9.19151924290478e-16,-1.0,-4.522325691788164,0.010951800301099122,-0.9999400272367164,-9.184376040194414e-16,-4.999999999999986,-0.9999400272367164,-0.010951800301099122,-7.02534278292121e-17,-3.749999999999989,0.0,0.0,0.0,1.0,
