0.3141592653589793
-1 Waypoint 4 1 2 [0.9999999921875,0.00012499999967447917,0.0,0.0,-0.00012499999967447917,0.9999999921875,0.0,0.0,0.0,-0.0,1.0,0.0,0.0,0.0,0.0,1.0,
0 ExtendedRevoluteJoint 4 1 3.141592653589793 0.5428932188134525 1 0 [-0.009768233806820478,-0.9999522896660098,-2.44917674167909e-16,-4.958679349767475e-18,0.9999522896660098,-0.009768233806820478,-2.392527252969131e-18,2.4999999999999973,0.0,-2.4492935982947054e-16,1.0,1.036710125547024,0.0,0.0,0.0,1.0,
1 PrismaticJoint 4 1 2.0 3 0.6283185307179586 0 [3.7341158406873715e-17,-8.109172361790634e-17,-1.0,-2.062160407048431,0.9270395086451074,-0.37496366412098897,6.502317895940403e-17,4.999999999999999,-0.37496366412098897,-0.9270395086451074,6.117365403916511e-17,1.2500000000000027,0.0,0.0,0.0,1.0,
2 RevoluteJoint 4 1 3.141592653589793 1 0 [-5.947325839455059e-17,1.854069586250292e-16,-1.0,-4.064759399739671,-0.02832670054874996,-0.9995987185045915,-1.836478770622121e-16,5.0,-0.9995987185045915,0.02832670054874996,6.470136027311088e-17,-1.2500000000000007,0.0,0.0,0.0,1.0,
3 Tip 4 1 0.5 True 0 [-6.195408704903289e-17,1.8293529275564537e-16,-1.0,-4.064759399739671,0.012363454930969594,-0.9999235695702796,-1.8368727749562915e-16,4.999999999999999,-0.9999235695702796,-0.012363454930969594,5.968763962426864e-17,-3.7500000000000004,0.0,0.0,0.0,1.0,
1 Waypoint 4 1 2 [-0.9999522896660097,-2.5279980019702513e-16,-0.009768233806820483,-0.01221029225852499,-0.009768233806820483,2.254906235746197e-16,0.9999522896660097,3.7499403620825085,-2.5058509390180237e-16,1.0,-2.279492728962993e-16,1.036710125547021,0.0,0.0,0.0,1.0,
5 Waypoint 4 1 2 [-0.9999522896660097,-2.527998001970253e-16,-0.009768233806820483,-0.012210292258524996,-0.009768233806820483,2.254906235746197e-16,0.9999522896660097,3.749940362082508,-2.505850939018025e-16,1.0,-2.279492728962993e-16,1.036710125547021,0.0,0.0,0.0,1.0,
6 PrismaticJoint 4 1 2.0 3 0.6283185307179586 0 [-7.904325511616448e-17,-3.5368951552883687e-17,1.0,1.9868953150294644,-0.3566277525380258,-0.9342465660197402,-6.123233995736767e-17,5.0,0.9342465660197402,-0.3566277525380258,6.123233995736769e-17,1.2500000000000009,0.0,0.0,0.0,1.0,
7 RevoluteJoint 4 1 3.141592653589793 1 0 [-3.10037070128406e-17,-1.640741245953115e-16,1.0,4.416291283086893,-0.9133975798155058,0.407068619752465,3.847071648526978e-17,4.999999999999995,-0.407068619752465,-0.9133975798155058,-1.6248554453663207e-16,-1.2499999999999991,0.0,0.0,0.0,1.0,
8 Tip 4 1 0.5 True 0 [2.6794879985523857e-17,-1.6230629466007229e-16,1.0,7.115658614036769,-0.46285283723724086,0.8864351364095606,1.562760886718626e-16,4.999999999999998,-0.8864351364095606,-0.46285283723724086,-5.137200588983245e-17,-3.7499999999999996,0.0,0.0,0.0,1.0,
0 Waypoint 4 1 2 [0.9999999921875,0.00012499999967447917,0.0,0.0,-0.00012499999967447917,0.9999999921875,-1.5154711916782813e-16,0.0,-1.8943389846646774e-20,1.5154711798386627e-16,1.0,0.0,0.0,0.0,0.0,1.0,
10 Waypoint 4 1 2 [0.9999999921875,0.00012499999967447917,0.0,2.7460603141661213e-35,-0.00012499999967447917,0.9999999921875,-1.5154711916782813e-16,0.0,-1.8943389846646774e-20,1.5154711798386627e-16,1.0,0.0,0.0,0.0,0.0,1.0,
11 PrismaticJoint 4 1 2.0 3 0.6283185307179586 0 [6.155801913756666e-17,-6.6135794262161994e-18,-1.0,-1.999727480546176,0.3119980795577167,0.9500827323724481,1.2922536140276267e-17,1.101197427978658e-15,0.9500827323724481,-0.3119980795577167,6.054863510163665e-17,1.2500000000000095,0.0,0.0,0.0,1.0,
12 RevoluteJoint 4 1 3.141592653589793 1 0 [6.121951324145251e-17,-1.2532578083792343e-18,1.0,-3.977201077328246,0.020467253239902616,0.9997905238322744,-1.7080743782590183e-32,-2.255620184627921e-16,-0.9997905238322744,0.020467253239902616,6.123233995736765e-17,-1.2500000000000007,0.0,0.0,0.0,1.0,
13 Tip 4 1 0.5 True 0 [6.121951324145251e-17,1.2371793772311456e-16,-1.0,-3.9772010773282456,0.020467253239902616,-0.9997905238322744,-1.2243902648290502e-16,-8.769931546119777e-16,-0.9997905238322744,-0.020467253239902616,-6.373885557412615e-17,-3.750000000000001,0.0,0.0,0.0,1.0,
0 Waypoint 4 1 2 [0.9999999921875,0.00012499999967453322,-1.2656922832390513e-16,2.220446049250313e-16,-0.00012499999967453322,0.9999999921875,-1.5154711916782813e-16,0.0,1.265502839452364e-16,1.5156293913736557e-16,1.0,8.881784197001252e-16,0.0,0.0,0.0,1.0,
15 Waypoint 4 1 2 [0.9999999921875,0.00012499999967453322,-1.265692283239051e-16,2.220446049250312e-16,-0.00012499999967453322,0.9999999921875,-1.5154711916782813e-16,0.0,1.2655028394523637e-16,1.5156293913736557e-16,1.0,8.881784197001252e-16,0.0,0.0,0.0,1.0,
16 PrismaticJoint 4 1 2.0 3 0.6283185307179586 0 [1.3652864146590213e-16,1.0340567815568123e-17,1.0,2.01738607883847,0.9256476265472954,-0.3783866692516517,-1.224646799147353e-16,-6.895041387090809e-16,0.3783866692516517,0.9256476265472954,-6.123233995736762e-17,1.25,0.0,0.0,0.0,1.0,
17 RevoluteJoint 4 1 3.141592653589793 1 0 [4.4702875105311764e-17,-3.7434593620433915e-16,1.0,4.339995577846275,-0.7147279582581504,0.6994025633954567,2.9376890203027543e-16,1.5912236578126654e-15,-0.6994025633954567,-0.7147279582581504,-2.362902012257611e-16,-1.2499999999999998,0.0,0.0,0.0,1.0,
18 Tip 4 1 0.5 True 0 [-1.2568427176081063e-16,-5.43181471998808e-17,1.0,4.341263833731539,0.6436154373944705,0.7653490502689113,1.2246467991473532e-16,1.3322676295501878e-15,-0.7653490502689113,0.6436154373944705,-6.123233995736766e-17,-3.75,0.0,0.0,0.0,1.0,
0 Waypoint 4 1 2 [0.9999999921875,0.00012499999967453322,-1.2656922832390513e-16,2.220446049250313e-16,-0.00012499999967453322,0.9999999921875,-1.5154711916782813e-16,0.0,1.265502839452364e-16,1.5156293913736557e-16,1.0,8.881784197001252e-16,0.0,0.0,0.0,1.0,
20 Waypoint 4 1 2 [0.9999999921875,0.00012499999967453322,-1.2656922832390513e-16,3.3306690738754696e-16,-0.00012499999967453322,0.9999999921875,-1.5154711916782813e-16,0.0,1.265502839452364e-16,1.5156293913736557e-16,1.0,0.0,0.0,0.0,0.0,1.0,
21 ExtendedRevoluteJoint 4 1 3.141592653589793 0.5428932188134525 1 0 [0.10021563372326309,0.994965741499397,0.0,0.0,-0.994965741499397,0.10021563372326309,0.0,-2.5,0.0,-0.0,1.0,1.810665443654644,0.0,0.0,0.0,1.0,
22 PrismaticJoint 4 1 2.0 3 0.6283185307179586 0 [-9.032845820119706e-18,-1.934228586877373e-16,1.0,2.174658036122753,-0.9328987437697283,0.3601387702995375,6.12323399573676e-17,-4.999999999999999,-0.3601387702995375,-0.9328987437697283,-1.8369701987210302e-16,1.25,0.0,0.0,0.0,1.0,
23 RevoluteJoint 4 1 3.141592653589793 1 0 [4.0110857164921685e-17,-1.8943366570924426e-16,1.0,4.2740801816282294,-0.5058866563317368,0.862599959973043,1.8369701987210302e-16,-4.999999999999997,-0.862599959973043,-0.5058866563317368,-6.123233995736769e-17,-1.2500000000000009,0.0,0.0,0.0,1.0,
24 Tip 4 1 0.5 True 0 [-1.3188767109627355e-16,2.05921588003834e-16,-1.0,4.433485652485742,0.6929212532311776,-0.7210132709045891,-2.3985996805828275e-16,-4.999999999999998,-0.7210132709045891,-0.6929212532311776,-4.759468369785805e-17,-3.750000000000001,0.0,0.0,0.0,1.0,
22 Waypoint 4 1 2 [0.994965741499397,-3.363707924536762e-17,0.10021563372326296,0.12526954215407882,0.10021563372326298,3.395943392451104e-17,-0.994965741499397,-3.7437071768742465,3.0064475301613027e-17,1.0,3.715943456877504e-17,1.8106654436546439,0.0,0.0,0.0,1.0,
26 Waypoint 4 1 2 [-0.10977022347228431,0.5867593746244697,0.8022866908587891,3.666274402679885,0.9644181727993487,-0.13244195020025096,0.22881590373380925,-2.254993310885267,0.2405162905360266,0.7988570373461422,-0.5513432214776329,2.1233917390059487,0.0,0.0,0.0,1.0,
27 PrismaticJoint 4 1 2.0 3 0.6283185307179586 0 [7.77126738753918e-17,3.8203916454289e-17,1.0,4.506698218367304,-0.946530790840154,0.32261348699568154,6.12323399573677e-17,-4.999999999999997,-0.32261348699568154,-0.946530790840154,6.123233995736769e-17,1.25,0.0,0.0,0.0,1.0,
28 RevoluteJoint 4 1 3.141592653589793 1 0 [6.249362450716523e-17,-5.994452276285738e-17,1.0,6.387818372764946,-0.020814995360969556,0.9997833445142617,6.123233995736766e-17,-5.0,-0.9997833445142617,-0.020814995360969556,6.123233995736767e-17,-1.2499999999999982,0.0,0.0,0.0,1.0,
29 Tip 4 1 0.5 True 0 [6.122439664734822e-17,1.8370496215181738e-16,-1.0,6.387568372764945,0.00012971568410491185,-0.9999999915869207,-1.8369701884179792e-16,-4.999999999999999,-0.9999999915869207,-0.00012971568410491185,-6.124822554710151e-17,-3.749999999999999,0.0,0.0,0.0,1.0,
