0.3141592653589793
-1 Waypoint 4 1 2 [0.9999999296875008,0.0003749999912109376,0.0,0.0,-0.0003749999912109376,0.9999999296875008,0.0,0.0,0.0,-0.0,1.0,0.0,0.0,0.0,0.0,1.0,
0 ExtendedRevoluteJoint 4 1 3.141592653589793 0.5428932188134525 1 0 [0.012223690306471373,-0.9999252879066973,0.0,3.46951175436471e-18,0.9999252879066973,0.012223690306471373,0.0,2.5000000000000004,-0.0,0.0,1.0,1.1549999882894493,0.0,0.0,0.0,1.0,
1 PrismaticJoint 4 1 2.0 3 0.6283185307179586 0 [8.659000798232522e-17,7.064802917934017e-19,-1.0,-2.142574305180885,0.7012918610770378,0.7128742705324025,6.122849947125814e-17,4.999999999999999,0.7128742705324025,-0.7012918610770378,6.123233989714894e-17,1.2500000000000024,0.0,0.0,0.0,1.0,
2 RevoluteJoint 4 1 3.141592653589793 1 0 [-6.013251097321535e-17,1.8477743974260231e-16,-1.0,-4.420449120362782,-0.01780308294742265,-0.9998415125596493,-1.8367761075844997e-16,5.0,-0.9998415125596493,0.01780308294742265,6.341258881201928e-17,-1.2499999999999987,0.0,0.0,0.0,1.0,
3 Tip 4 1 0.5 True 0 [-6.246850935750004e-17,-5.997069494312387e-17,1.0,-4.42019912036278,0.020396202530519436,0.9997919758241381,6.123233995736769e-17,5.0,-0.9997919758241381,0.020396202530519436,-6.123233995736767e-17,-3.7500000000000004,0.0,0.0,0.0,1.0,
1 Waypoint 4 1 2 [-0.9999252879066974,-6.1629758220391534e-33,0.012223690306471375,0.01527961288308921,0.012223690306471375,-3.345736738857152e-18,0.9999252879066974,3.749906609883371,4.0897249742767155e-20,1.0,3.3454867718617527e-18,1.1549999882894493,0.0,0.0,0.0,1.0,
5 Waypoint 4 1 2 [-0.9999252879066974,3.442632794813818e-17,0.012223690306471411,0.015279612883090987,0.012223690306471411,-3.3457367388571533e-18,0.9999252879066974,3.749906609883368,3.4464653134855224e-17,1.0,2.9246700006346913e-18,1.1549999882894486,0.0,0.0,0.0,1.0,
6 PrismaticJoint 4 1 2.0 3 0.6283185307179586 0 [6.570852276111767e-17,-5.639786018399569e-17,-1.0,-2.1734603429103885,0.9971031675783575,0.07606098346199626,6.122849947125815e-17,5.0,0.07606098346199626,-0.9971031675783575,6.123233989714898e-17,1.250000000000006,0.0,0.0,0.0,1.0,
7 RevoluteJoint 4 1 3.141592653589793 1 0 [6.106753522030321e-17,-1.835326575122752e-16,1.0,-4.503160741840958,-0.002687853323272434,0.9999963877157321,1.8369613511762975e-16,4.9999999999999964,-0.9999963877157321,-0.002687853323272434,6.057400576358305e-17,-1.2499999999999993,0.0,0.0,0.0,1.0,
8 Tip 4 1 0.5 True 0 [6.106753522030321e-17,-1.835326575122752e-16,1.0,-4.503160741840958,-0.002687853323272434,0.9999963877157321,1.8369613511762975e-16,4.999999999999996,-0.9999963877157321,-0.002687853323272434,6.057400576358305e-17,-3.7499999999999982,0.0,0.0,0.0,1.0,
0 Waypoint 4 1 2 [0.999999929687501,0.00037499999121093765,0.0,1.9721522630525295e-31,-0.00037499999121093765,0.999999929687501,1.842806678715697e-16,-4.910158047952823e-31,6.910524883218435e-20,-1.8428065491433541e-16,1.0,0.0,0.0,0.0,0.0,1.0,
10 Waypoint 4 1 2 [0.999999929687501,0.00037499999121093765,-1.5407439555097887e-33,3.4512664603419266e-31,-0.00037499999121093765,0.999999929687501,3.182964505772704e-16,-7.888609052210118e-31,1.1936116616895058e-19,-3.182964281970515e-16,1.0,-2.3805985219684917e-31,0.0,0.0,0.0,1.0,
11 PrismaticJoint 4 1 2.0 3 0.6283185307179586 0 [-8.529684225923696e-18,-6.067457453538418e-17,-1.0,-2.1687988078936855,0.9960162284622212,-0.08917215170608377,-3.085221547506854e-18,-2.8766248172903507e-16,-0.08917215170608377,-0.9960162284622212,6.119347118808231e-17,1.2500000000000087,0.0,0.0,0.0,1.0,
12 RevoluteJoint 4 1 3.141592653589793 1 0 [6.123299787560711e-17,-2.4684454011218337e-16,1.0,-4.517875135714618,0.03127733010149924,0.9995107446254503,2.448085654065954e-16,-2.1497737982229656e-16,-0.9995107446254503,0.03127733010149924,6.892367746713818e-17,-1.25,0.0,0.0,0.0,1.0,
13 Tip 4 1 0.5 True 0 [6.123455261907567e-17,-2.4684377468999275e-16,1.0,-4.517875135714618,0.03126483621474821,0.9995111355139897,2.4480861327663527e-16,-4.219204566300911e-16,-0.9995111355139897,0.03126483621474821,6.89221474072963e-17,-3.749999999999998,0.0,0.0,0.0,1.0,
0 Waypoint 4 1 2 [0.999999929687501,0.00037499999121093765,0.0,1.9721522630525295e-31,-0.00037499999121093765,0.999999929687501,1.842806678715697e-16,-4.910158047952823e-31,6.910524883218435e-20,-1.8428065491433541e-16,1.0,0.0,0.0,0.0,0.0,1.0,
15 Waypoint 4 1 2 [0.999999929687501,0.0003749999912108642,7.946981374179399e-18,-1.1102230246251565e-15,-0.0003749999912108642,0.999999929687501,3.182964505772704e-16,5.329070518200751e-15,-7.827619649238352e-18,-3.1829940831499697e-16,1.0,0.0,0.0,0.0,0.0,1.0,
16 PrismaticJoint 4 1 2.0 3 0.6283185307179586 0 [-2.959421786295552e-17,1.3368313114358583e-16,1.0,2.208534705934767,0.24331814028188645,0.9699465359543094,-1.224646799147354e-16,-8.44854680634129e-16,-0.9699465359543094,0.24331814028188645,-6.123233995736769e-17,1.2499999999999998,0.0,0.0,0.0,1.0,
17 RevoluteJoint 4 1 3.141592653589793 1 0 [3.842277605273784e-17,-1.3141798797605445e-16,1.0,4.554217149508365,-0.6802403443230527,0.7329891363146216,1.224646799147354e-16,1.3322676295501878e-15,-0.7329891363146216,-0.6802403443230527,-6.123233995736764e-17,-1.2500000000000004,0.0,0.0,0.0,1.0,
18 Tip 4 1 0.5 True 0 [-1.2689783319572525e-16,5.1419229997181914e-17,1.0,5.082208477292454,0.9969075054166967,0.07858387648785768,1.2246467991473525e-16,1.825456626744384e-15,-0.07858387648785768,0.9969075054166967,-6.123233995736764e-17,-3.750000000000001,0.0,0.0,0.0,1.0,
0 Waypoint 4 1 2 [0.999999929687501,0.00037499999121093765,0.0,1.9721522630525295e-31,-0.00037499999121093765,0.999999929687501,1.842806678715697e-16,-6.546716903116862e-31,6.910524883218435e-20,-1.8428065491433541e-16,1.0,0.0,0.0,0.0,0.0,1.0,
20 Waypoint 4 1 2 [0.999999929687501,0.00037499999121093765,-1.5407439555097887e-33,4.930380657631324e-31,-0.00037499999121093765,0.999999929687501,3.182964505772704e-16,-1.5777218104420236e-30,1.1936116616895058e-19,-3.182964281970515e-16,1.0,-9.522394087873963e-31,0.0,0.0,0.0,1.0,
21 ExtendedRevoluteJoint 4 1 3.141592653589793 0.5428932188134525 1 0 [-0.01541262130477996,-0.9998812184977351,-1.2245013337608064e-16,4.494071457607495e-16,-0.9998812184977351,0.01541262130477996,1.887501734736908e-18,-2.4999999999999996,0.0,1.2246467991473532e-16,-1.0,1.1893660831898092,0.0,0.0,0.0,1.0,
22 PrismaticJoint 4 1 2.0 3 0.6283185307179586 0 [1.288924860278335e-16,2.843722368892789e-16,-1.0,-2.197322525160448,-0.9740636669418122,0.22627410975158088,-6.120341284133054e-17,-4.999999999999998,0.22627410975158088,0.9740636669418122,3.0616169637043275e-16,1.250000000000019,0.0,0.0,0.0,1.0,
23 RevoluteJoint 4 1 3.141592653589793 1 0 [-4.7943907141684414e-17,-1.8760430787840666e-16,1.0,-4.420882928698808,-0.0714860586478155,0.9974415990016665,1.8369701987210297e-16,-5.000000000000002,-0.9974415990016665,-0.0714860586478155,-6.123233995736772e-17,-1.2499999999999991,0.0,0.0,0.0,1.0,
24 Tip 4 1 0.5 True 0 [-6.789451313900023e-17,-1.8134036961516465e-16,1.0,-4.423019790088844,0.03648916539428675,0.9993340486588199,1.8369701987210285e-16,-5.0,-0.9993340486588199,0.03648916539428675,-6.12323399573677e-17,-3.750000000000001,0.0,0.0,0.0,1.0,
22 Waypoint 4 1 2 [-0.9998812184977351,-1.2245013337608062e-16,-0.01541262130477996,-0.019265776630974497,0.01541262130477996,4.7743594880140585e-18,-0.9998812184977351,-3.749851523122168,1.2250917396004732e-16,-1.0,-2.886514847976392e-18,1.1893660831898092,0.0,0.0,0.0,1.0,
26 Waypoint 4 1 2 [-0.9998812184977351,-1.1997455495863995e-16,-0.015412621304780052,-0.019265776630984943,0.015412621304780052,4.77435948801407e-18,-0.9998812184977351,-3.749851523122146,1.2003388959553007e-16,-1.0,-2.9246700006346913e-18,1.1893660831898103,0.0,0.0,0.0,1.0,
27 PrismaticJoint 4 1 2.0 3 0.6283185307179586 0 [5.270506604691118e-17,6.870935108338622e-17,1.0,2.1485258376648915,-0.991423953541795,-0.13068490480371853,6.123233995736769e-17,-4.999999999999997,0.13068490480371853,-0.991423953541795,6.123233995736767e-17,1.2499999999999996,0.0,0.0,0.0,1.0,
28 RevoluteJoint 4 1 3.141592653589793 1 0 [6.338182484623056e-17,1.8146928306119372e-16,-1.0,4.636135221820802,-0.03574272764048988,-0.999361024565606,-1.8361876795005657e-16,-4.999999999999998,-0.999361024565606,0.03574272764048988,-5.685511825759554e-17,-1.2499999999999978,0.0,0.0,0.0,1.0,
29 Tip 4 1 0.5 True 0 [5.998684715179245e-17,1.8494706784512414e-16,-1.0,4.636385221820802,0.02062766813285334,-0.9997872270175294,-1.8367032733051617e-16,-4.999999999999999,-0.9997872270175294,-0.02062766813285334,-6.378911030906849e-17,-3.7499999999999982,0.0,0.0,0.0,1.0,
