0.3141592653589793
-1 PrintedWaypoint 1 0.05 2 0.2;0.05;0.05;0.1;0.075;1;0.05;0.2;0.05[0.577353631619311,-0.8164942033205091,0.0,0.0,0.8164942033205091,0.577353631619311,0.0,0.0,-0.0,0.0,1.0,0.0,0.0,0.0,0.0,1.0,
0 PrintedOrthogonalRevoluteJoint 1 -1.5707963267948966 1.5707963267948966 0.05 0 0.2;0.05;0.05;0.1;0.075;1;0.05;0.2;0.05[0.8277223546541704,0.2547070937483987,0.5000000000000001,3.4972754013106853,-0.22038733077817438,-0.6718849785733209,0.7071067811865474,-0.7109599456050001,0.5160476024924708,-0.6954817553047475,-0.5000000000000001,3.502724598689314,0.0,0.0,0.0,1.0,
1 PrintedOrthogonalRevoluteJoint 1 -1.5707963267948966 1.5707963267948966 0.05 0 0.2;0.05;0.05;0.1;0.075;1;0.05;0.2;0.05[-0.19124350986235644,0.8446454403686361,0.4999999999999999,6.865218250827877,0.472943905124698,0.5256653522968776,-0.7071067811865478,-2.2152958156021483,-0.860087194731399,0.1012423698807603,-0.4999999999999999,2.7323168637349475,0.0,0.0,0.0,1.0,
2 PrintedOrthogonalRevoluteJoint 1 -1.5707963267948966 1.5707963267948966 0.05 0 0.2;0.05;0.05;0.1;0.075;1;0.05;0.2;0.05[0.3135712356075736,-0.8072627082923749,0.49999999999999983,9.693636973952772,-0.3903562408061428,-0.5895947805600862,-0.707106781186548,-2.2152839339153703,0.8656183255125993,0.026550226680088718,-0.49999999999999967,5.560752390102434,0.0,0.0,0.0,1.0,
3 PrintedTip 1 0.05 2 0.2;0.05;0.05;0.1;0.075;1;0.05;0.2;0.05[-0.7027314397756838,0.078539948757269,0.7071067811865477,11.781697738273207,-0.1110722607206181,-0.993812332836744,-3.657545585221161e-16,-3.74201537811647e-15,0.702731439775684,-0.07853994875726955,0.7071067811865475,10.781697738273209,0.0,0.0,0.0,1.0,
0 PrintedWaypoint 1 0.05 2 0.2;0.05;0.05;0.1;0.075;1;0.05;0.2;0.05[0.577353631619311,-0.8164942033205093,-5.655987121475604e-17,1.7763568394002505e-15,0.8164942033205093,0.577353631619311,-1.3689663649044456e-16,-8.881784197001252e-16,1.4443035719828281e-16,3.2856963246824015e-17,1.0,8.881784197001252e-16,0.0,0.0,0.0,1.0,
5 PrintedWaypoint 1 0.05 2 0.2;0.05;0.05;0.1;0.075;1;0.05;0.2;0.05[0.577353631619311,-0.8164942033205093,-5.655987121475602e-17,1.7763568394002505e-15,0.8164942033205093,0.577353631619311,-1.3689663649044456e-16,-8.881784197001248e-16,1.444303571982828e-16,3.285696324682402e-17,1.0,8.881784197001252e-16,0.0,0.0,0.0,1.0,
6 PrintedOrthogonalRevoluteJoint 1 -1.5707963267948966 1.5707963267948966 0.05 0 0.2;0.05;0.05;0.1;0.075;1;0.05;0.2;0.05[2.564738033236227e-16,-2.3192276545780056e-16,1.0,5.329070518200751e-15,-1.6160588441055732e-16,-1.0,-2.319227654578005e-16,8.881784197001254e-16,1.0,-1.6160588441055727e-16,-2.5647380332362276e-16,7.999999999999997,0.0,0.0,0.0,1.0,
7 PrintedOrthogonalRevoluteJoint 1 -1.5707963267948966 1.5707963267948966 0.05 0 0.2;0.05;0.05;0.1;0.075;1;0.05;0.2;0.05[1.3714605200578864e-16,4.2265602441292875e-16,-1.0,6.217248937900877e-15,-1.3936128081818316e-16,1.0,4.2265602441292875e-16,4.440892098500625e-15,1.0,1.3936128081818311e-16,1.371460520057887e-16,11.999999999999998,0.0,0.0,0.0,1.0,
8 PrintedTip 1 0.05 2 0.2;0.05;0.05;0.1;0.075;1;0.05;0.2;0.05[-0.980336560603386,-0.19733278476807553,-1.0928068005574977e-16,-3.148660632560252e-18,0.19733278476807553,-0.980336560603386,5.873459727991723e-17,-2.0870373214345266e-16,-1.1872210766973028e-16,3.601501216906886e-17,1.0,14.062500039510759,0.0,0.0,0.0,1.0,
0 PrintedWaypoint 1 0.05 2 0.2;0.05;0.05;0.1;0.075;1;0.05;0.2;0.05[0.577353631619311,-0.8164942033205093,-5.655987121475604e-17,7.105427357601002e-15,0.8164942033205093,0.577353631619311,-1.3689663649044456e-16,-3.552713678800501e-15,1.4443035719828281e-16,3.2856963246824015e-17,1.0,1.7763568394002505e-15,0.0,0.0,0.0,1.0,
10 PrintedWaypoint 1 0.05 2 0.2;0.05;0.05;0.1;0.075;1;0.05;0.2;0.05[0.577353631619311,-0.8164942033205093,-5.655987121475602e-17,7.105427357601002e-15,0.8164942033205093,0.577353631619311,-1.3689663649044456e-16,-3.552713678800501e-15,1.444303571982828e-16,3.285696324682402e-17,1.0,1.7763568394002505e-15,0.0,0.0,0.0,1.0,
11 PrintedOrthogonalRevoluteJoint 1 -1.5707963267948966 1.5707963267948966 0.05 0 0.2;0.05;0.05;0.1;0.075;1;0.05;0.2;0.05[-0.38805221196025913,-0.9216373911646328,-5.406217447645587e-16,-2.250000000000001,1.7050254704480438e-16,5.147988338878187e-16,-1.0,-1.7510228436757713,0.9216373911646328,-0.38805221196025913,-4.262730355943144e-17,3.9999999999999973,0.0,0.0,0.0,1.0,
12 PrintedOrthogonalRevoluteJoint 1 -1.5707963267948966 1.5707963267948966 0.05 0 0.2;0.05;0.05;0.1;0.075;1;0.05;0.2;0.05[2.2479496223143516e-16,-1.0335809786950508e-16,1.0,-2.9400655458375877,0.6493077685357361,-0.7605257534884293,-2.2456761056590436e-16,-8.12937216447433e-16,0.7605257534884293,0.6493077685357361,-1.0385114214371864e-16,8.000000000000005,0.0,0.0,0.0,1.0,
13 PrintedOrthogonalRevoluteJoint 1 -1.5707963267948966 1.5707963267948966 0.05 0 0.2;0.05;0.05;0.1;0.075;1;0.05;0.2;0.05[-8.711084004676877e-17,3.9457152229462395e-16,-1.0,-2.9404641268067353,-0.5299593660580325,0.8480230364367283,3.807709459957174e-16,1.3988810110276972e-14,0.8480230364367283,0.5299593660580325,1.352348747367967e-16,12.000000000000005,0.0,0.0,0.0,1.0,
14 PrintedTip 1 0.05 2 0.2;0.05;0.05;0.1;0.075;1;0.05;0.2;0.05[0.793497589954094,-0.6085733930571108,1.224646799147354e-16,-2.249999999999999,0.6085733930571108,0.793497589954094,-4.930380657631324e-32,-6.661338147750939e-16,-9.717542836684205e-17,7.452874578536356e-17,1.0,16.558380383952475,0.0,0.0,0.0,1.0,
