0.3141592653589793
-1 Waypoint 4 1 2 [0.9999999511718755,-0.00031249999491373705,0.0,0.0,0.00031249999491373705,0.9999999511718755,0.0,0.0,-0.0,0.0,1.0,0.0,0.0,0.0,0.0,1.0,
0 ExtendedRevoluteJoint 4 1 3.141592653589793 0.5428932188134525 1 0 [-0.02899070304807776,-0.9995796812344568,-2.4482641142330173e-16,-6.709825044331621e-18,0.9995796812344568,-0.02899070304807776,-7.100674338571968e-18,2.4999999999999973,1.5407439555097887e-33,-2.449293598294706e-16,1.0,1.0694982512012985,0.0,0.0,0.0,1.0,
1 PrismaticJoint 4 1 2.0 3 0.6283185307179586 0 [-1.771196156585078e-16,7.832213127465302e-17,-1.0,-2.1204877198513117,0.09398923969752859,0.9955732131898088,6.132807788571868e-17,4.999999999999999,0.9955732131898088,-0.09398923969752859,-1.8369698245007926e-16,1.2499999999999976,0.0,0.0,0.0,1.0,
2 RevoluteJoint 4 1 3.141592653589793 1 0 [-6.040683954394676e-17,-3.069762183286823e-16,1.0,-4.156313787868321,-0.01339177105110263,0.9999103262133635,3.061397360436841e-16,4.999999999999997,-0.9999103262133635,-0.01339177105110263,-6.451237786789711e-17,-1.2500000000000002,0.0,0.0,0.0,1.0,
3 Tip 4 1 0.5 True 0 [-6.040683954394676e-17,-3.069762183286823e-16,1.0,-4.156313787868321,-0.01339177105110263,0.9999103262133635,3.061397360436841e-16,4.999999999999997,-0.9999103262133635,-0.01339177105110263,-6.451237786789711e-17,-3.749999999999999,0.0,0.0,0.0,1.0,
1 Waypoint 4 1 2 [-0.9995796812344568,-2.524721509948058e-16,-0.02899070304807776,-0.036238378810096616,-0.02899070304807776,2.2261977901794804e-16,0.9995796812344568,3.749474601543067,-2.4591212830582762e-16,1.0,-2.298455529046456e-16,1.0694982512012938,0.0,0.0,0.0,1.0,
5 Waypoint 4 1 2 [-0.9995796812344568,-2.5247215099480576e-16,-0.02899070304807776,-0.036238378810096616,-0.02899070304807776,2.2261977901794804e-16,0.9995796812344568,3.749474601543066,-2.459121283058276e-16,1.0,-2.298455529046456e-16,1.0694982512012938,0.0,0.0,0.0,1.0,
6 PrismaticJoint 4 1 2.0 3 0.6283185307179586 0 [8.55866403759637e-17,-1.3180512223155643e-17,1.0,4.767274154111519,0.8064950046648947,0.5912409047508229,-6.123233995736769e-17,4.999999999999999,-0.5912409047508229,0.8064950046648947,6.12323399573677e-17,1.2500000000000002,0.0,0.0,0.0,1.0,
7 RevoluteJoint 4 1 3.141592653589793 1 0 [-3.7235091182631955e-17,-1.667478601129114e-16,1.0,7.3963400936802595,-0.9424479856522618,0.3343527992106455,2.066047711048727e-17,4.999999999999996,-0.3343527992106455,-0.9424479856522618,-1.6960084184101506e-16,-1.25,0.0,0.0,0.0,1.0,
8 Tip 4 1 0.5 True 0 [8.326996678404015e-17,-2.376786791224964e-17,1.0,7.484269513376133,0.8740302491364339,0.48587150934635337,-6.123233995736767e-17,5.0,-0.48587150934635337,0.8740302491364339,6.123233995736769e-17,-3.7499999999999996,0.0,0.0,0.0,1.0,
0 Waypoint 4 1 2 [0.9999999511718756,-0.00031249999491373705,-4.930380657631324e-32,1.9721522630525295e-31,0.00031249999491373705,0.9999999511718756,3.916429812892129e-17,1.9721522630525295e-31,-1.2238842966038682e-20,-3.916429621660207e-17,1.0,0.0,0.0,0.0,0.0,1.0,
10 Waypoint 4 1 2 [0.9999999511718755,-0.00031249999491373705,-7.395570986446986e-32,3.4512664603419266e-31,0.00031249999491373705,0.9999999511718755,2.286912536934401e-16,-3.1554436208840472e-30,-7.146601561594223e-20,-2.2869124252687506e-16,1.0,-1.5777218104420236e-30,0.0,0.0,0.0,1.0,
11 PrismaticJoint 4 1 2.0 3 0.6283185307179586 0 [1.8369051077686158e-16,1.54489353359256e-18,-1.0,-2.060858323113371,0.00893577749313378,-0.9999600751432995,9.658567796251395e-20,-1.1102230246251565e-16,-0.9999600751432995,-0.00893577749313378,-1.8369698178440836e-16,1.24999999999999,0.0,0.0,0.0,1.0,
12 RevoluteJoint 4 1 3.141592653589793 1 0 [5.2771763580051765e-17,3.105705113667056e-17,1.0,-5.161437347276968,-0.507200135717395,0.8618283021160632,-5.272257987492005e-33,1.1102230246251565e-16,-0.8618283021160632,-0.507200135717395,6.123233995736769e-17,-1.2500000000000007,0.0,0.0,0.0,1.0,
13 Tip 4 1 0.5 True 0 [4.099467465390133e-17,1.6794913997171988e-16,-1.0,-5.596663131251709,0.7428176040414692,-0.6694938439792341,-8.198934930780264e-17,-3.61570580841989e-16,-0.6694938439792341,-0.7428176040414692,-1.522012600713368e-16,-3.7500000000000004,0.0,0.0,0.0,1.0,
0 Waypoint 4 1 2 [0.9999999511718756,-0.0003124999949138962,1.3046726980456706e-16,-1.3322676295501878e-15,0.0003124999949138962,0.9999999511718756,3.916429812892131e-17,-1.7763568394002505e-15,-1.3047950227706107e-16,-3.912352519545173e-17,1.0,-1.7763568394002505e-15,0.0,0.0,0.0,1.0,
15 Waypoint 4 1 2 [0.9999999511718755,-0.0003124999949138962,1.3046726980456703e-16,-1.3322676295501875e-15,0.0003124999949138962,0.9999999511718755,2.286912536934401e-16,-1.7763568394002536e-15,-1.3053872944971097e-16,-2.286504715057247e-16,1.0,-1.7763568394002505e-15,0.0,0.0,0.0,1.0,
16 PrismaticJoint 4 1 2.0 3 0.6283185307179586 0 [9.335516112003863e-17,1.0015892958456014e-16,1.0,2.226607683981257,0.9369860829240455,0.34936668474062305,-1.224646799147354e-16,-4.824114836672131e-16,-0.34936668474062305,0.9369860829240455,-6.123233995736769e-17,1.2499999999999998,0.0,0.0,0.0,1.0,
17 RevoluteJoint 4 1 3.141592653589793 1 0 [-5.664452403567702e-17,2.471177792746984e-16,-1.0,4.321550514931027,-0.037117808323252385,-0.9993108967209746,-2.448449690169766e-16,1.551842635724847e-15,-0.9993108967209746,0.037117808323252385,6.577796047281124e-17,-1.25,0.0,0.0,0.0,1.0,
18 Tip 4 1 0.5 True 0 [-5.664452403567703e-17,-3.6958245918943377e-16,1.0,4.321550514931027,-0.037117808323252385,0.9993108967209746,3.672252581192179e-16,1.722456875107953e-15,-0.9993108967209746,-0.037117808323252385,-7.032358098825485e-17,-3.7499999999999996,0.0,0.0,0.0,1.0,
0 Waypoint 4 1 2 [0.9999999511718756,-0.00031249999491373705,-4.930380657631324e-32,7.888609052210118e-31,0.00031249999491373705,0.9999999511718756,3.916429812892129e-17,-6.961634556487023e-32,-1.2238842966038682e-20,-3.916429621660207e-17,1.0,0.0,0.0,0.0,0.0,1.0,
20 Waypoint 4 1 2 [0.9999999511718755,-0.00031249999491373705,-7.395570986446986e-32,9.860761315262648e-31,0.00031249999491373705,0.9999999511718755,2.286912536934401e-16,-3.944304526105059e-30,-7.146601561594223e-20,-2.2869124252687506e-16,1.0,0.0,0.0,0.0,0.0,1.0,
21 ExtendedRevoluteJoint 4 1 3.141592653589793 0.5428932188134525 1 0 [0.12401557409655749,0.9922802715873683,0.0,4.440892098500626e-16,-0.9922802715873683,0.12401557409655749,0.0,-2.4999999999999996,0.0,-0.0,1.0,1.801846858583502,0.0,0.0,0.0,1.0,
22 PrismaticJoint 4 1 2.0 3 0.6283185307179586 0 [9.072994986706589e-17,-1.7106159932511472e-16,1.0,2.2941945645550432,-0.9862676295939036,-0.16515496606285526,6.12323399573677e-17,-4.999999999999997,0.16515496606285526,-0.9862676295939036,-1.8369701987210277e-16,1.25,0.0,0.0,0.0,1.0,
23 RevoluteJoint 4 1 3.141592653589793 1 0 [-1.1756871998668582e-16,-3.987617020878336e-16,1.0,4.989409415092382,0.3249355855454489,0.9457361499098131,4.1532561773473423e-16,-4.999999999999996,-0.9457361499098131,0.3249355855454489,1.8382878570976925e-17,-1.2500000000000009,0.0,0.0,0.0,1.0,
24 Tip 4 1 0.5 True 0 [1.4010380718005372e-16,-1.3365970888865787e-16,1.0,6.8053917950747405,-0.9047035125793257,0.42604172838658677,1.8369701987210294e-16,-4.999999999999997,-0.42604172838658677,-0.9047035125793257,-6.12323399573677e-17,-3.7500000000000004,0.0,0.0,0.0,1.0,
22 Waypoint 4 1 2 [0.9922802715873683,-9.332475319130926e-18,0.12401557409655746,0.15501946762068997,0.12401557409655746,-4.1798643802744325e-17,-0.9922802715873683,-3.740350339484209,1.4444113951904498e-17,1.0,-4.0318597340126837e-17,1.801846858583474,0.0,0.0,0.0,1.0,
26 Waypoint 4 1 2 [0.9922802715873683,-9.332475319130926e-18,0.12401557409655746,0.15501946762069,0.12401557409655746,-3.923698026425268e-17,-0.9922802715873683,-3.7403503394842086,1.412642777753624e-17,1.0,-3.777670914843689e-17,1.801846858583474,0.0,0.0,0.0,1.0,
27 PrismaticJoint 4 1 2.0 3 0.6283185307179586 0 [-1.3945925281025822e-16,-1.3431335089668584e-16,-1.0,-1.858324345547351,-0.43050749195975163,0.9025870037655785,-6.119123179362923e-17,-5.0,0.9025870037655785,0.43050749195975163,-1.8369701297263956e-16,1.2499999999999778,0.0,0.0,0.0,1.0,
28 RevoluteJoint 4 1 3.141592653589793 1 0 [6.327826990165767e-17,1.8158032481151596e-16,-1.0,-3.9879471773520776,-0.033990412646121945,-0.9994221589739476,-1.8362625475580593e-16,-5.0,-0.9994221589739476,0.033990412646121945,-5.706971495249058e-17,-1.2500000000000009,0.0,0.0,0.0,1.0,
29 Tip 4 1 0.5 True 0 [6.327826990165767e-17,1.8158032481151596e-16,-1.0,-3.987947177352077,-0.033990412646121945,-0.9994221589739476,-1.8362625475580593e-16,-4.9999999999999964,-0.9994221589739476,0.033990412646121945,-5.706971495249058e-17,-3.750000000000001,0.0,0.0,0.0,1.0,
