0.3141592653589793
-1 Waypoint 4 1 2 [0.999999998046875,-6.24999999593099e-05,0.0,0.0,6.24999999593099e-05,0.999999998046875,0.0,0.0,-0.0,0.0,1.0,0.0,0.0,0.0,0.0,1.0,
0 ExtendedRevoluteJoint 4 1 3.141592653589793 0.5428932188134526 1 0 [0.020258961241355008,0.9997947661842512,1.2243954602118193e-16,2.5020075287325148e-18,0.9997947661842512,-0.020258961241355008,-2.4810072038275688e-18,2.499999999999999,3.851859888774472e-34,1.2246467991473532e-16,-1.0,1.153874627911767,0.0,0.0,0.0,1.0,
1 PrismaticJoint 4 1 2.0 3 0.6283185307179586 0 [1.5681441656135856e-16,-1.1379702813912735e-16,-1.0,-2.1188715052997864,-0.2994715683621309,-0.9541052246700704,6.161287983004586e-17,5.0,-0.9541052246700704,0.2994715683621309,-1.8369642863655506e-16,1.2499999999999973,0.0,0.0,0.0,1.0,
2 RevoluteJoint 4 1 3.141592653589793 1 0 [-6.176914184288773e-17,1.8315547023173896e-16,-1.0,-4.47298911043611,0.008805408438048584,-0.9999612316396267,-1.8369227211725905e-16,5.0,-0.9999612316396267,-0.008805408438048584,6.01539884314835e-17,-1.2500000000000002,0.0,0.0,0.0,1.0,
3 Tip 4 1 0.5 True 0 [-6.176914184288771e-17,-6.069079031700364e-17,1.0,-4.47298911043611,0.008805408438048598,0.9999612316396267,6.123233995736767e-17,5.000000000000001,-0.9999612316396267,0.008805408438048598,-6.123233995736762e-17,-3.7500000000000013,0.0,0.0,0.0,1.0,
1 Waypoint 4 1 2 [0.9997947661842512,2.1614133199432986e-16,0.02025896124135483,0.0253237015516925,-0.02025896124135483,-1.1542479040020944e-16,0.9997947661842512,3.749743457730311,2.1843535883903296e-16,-1.0,-1.1102230246251565e-16,1.1538746279117653,0.0,0.0,0.0,1.0,
5 Waypoint 4 1 2 [0.9997947661842512,2.1614133199432986e-16,0.02025896124135483,0.0253237015516925,-0.02025896124135483,-1.1542479040020944e-16,0.9997947661842512,3.749743457730311,2.1843535883903296e-16,-1.0,-1.1102230246251565e-16,1.153874627911767,0.0,0.0,0.0,1.0,
6 PrismaticJoint 4 1 2.0 3 0.6283185307179586 0 [6.140193757989369e-17,-6.106227128713872e-17,1.0,2.200992622401543,0.9999961536036086,0.0027735857635971858,-6.123233995736765e-17,4.999999999999999,-0.0027735857635971858,0.9999961536036086,6.123233995736766e-17,1.25,0.0,0.0,0.0,1.0,
7 RevoluteJoint 4 1 3.141592653589793 1 0 [5.55472370843986e-17,-6.64326980153516e-17,1.0,5.191632433389323,0.9960417582006288,-0.08888653396662509,-6.123233995736766e-17,5.000000000000001,0.08888653396662509,0.9960417582006288,6.123233995736766e-17,-1.25,0.0,0.0,0.0,1.0,
8 Tip 4 1 0.5 True 0 [-5.356853355488722e-17,6.803830631407729e-17,1.0,5.215008885998117,-0.9929952044428805,0.11815466115833964,-6.123233995736765e-17,5.000000000000001,-0.11815466115833964,-0.9929952044428805,6.123233995736765e-17,-3.7500000000000013,0.0,0.0,0.0,1.0,
0 Waypoint 4 1 2 [0.999999998046875,-6.249999995917087e-05,-3.287843088062292e-17,8.881784197001252e-16,6.249999995917087e-05,0.999999998046875,-1.6653345369377348e-16,-1.7763568394002505e-15,3.28888391572563e-17,1.6653139846658413e-16,1.0,8.881784197001252e-16,0.0,0.0,0.0,1.0,
10 Waypoint 4 1 2 [0.9999999980468751,-6.249999995917087e-05,-3.2885207144200956e-17,1.3322676295501878e-15,6.249999995917087e-05,0.9999999980468751,-3.3306690738754696e-16,-1.2434497875801753e-14,3.290602376167016e-17,3.330648514115805e-16,1.0,0.0,0.0,0.0,0.0,1.0,
11 PrismaticJoint 4 1 2.0 3 0.6283185307179586 0 [-1.145089187862915e-16,1.4343203732691778e-16,-1.0,-2.1592275172139495,0.7430546027594893,0.6692307952552226,1.0902757244203493e-17,1.1102230246251565e-15,0.6692307952552226,-0.7430546027594893,-1.8321073030210266e-16,1.2499999999999898,0.0,0.0,0.0,1.0,
12 RevoluteJoint 4 1 3.141592653589793 1 0 [6.122999516374047e-17,1.2192881714968806e-16,-1.0,-4.5106075346657235,-0.008751303076452749,-0.9999617066140404,-1.2245999032748096e-16,-2.1958299174345208e-16,-0.9999617066140404,0.008751303076452749,-6.016061442727304e-17,-1.2500000000000002,0.0,0.0,0.0,1.0,
13 Tip 4 1 0.5 True 0 [6.122999516374046e-17,5.358627650472989e-19,1.0,-4.5106075346657235,-0.008751303076452733,0.9999617066140403,1.232595164407831e-32,-8.881784197001252e-16,-0.9999617066140403,-0.008751303076452733,6.123233995736766e-17,-3.75,0.0,0.0,0.0,1.0,
0 Waypoint 4 1 2 [0.999999998046875,-6.249999995917087e-05,-3.287843088062292e-17,1.9984014443252818e-15,6.249999995917087e-05,0.999999998046875,-1.6653345369377348e-16,1.7763568394002505e-15,3.28888391572563e-17,1.6653139846658413e-16,1.0,8.881784197001252e-16,0.0,0.0,0.0,1.0,
15 Waypoint 4 1 2 [0.9999999980468751,-6.249999995917087e-05,-3.2885207144200956e-17,2.220446049250313e-15,6.249999995917087e-05,0.9999999980468751,-3.3306690738754696e-16,-1.2434497875801753e-14,3.290602376167016e-17,3.330648514115805e-16,1.0,0.0,0.0,0.0,0.0,1.0,
16 PrismaticJoint 4 1 2.0 3 0.6283185307179586 0 [-6.062441137046469e-18,-1.3678539428876556e-16,1.0,2.196954497099597,-0.4863778737397123,-0.8737485702056608,-1.224646799147353e-16,-8.881784197001252e-16,0.8737485702056608,-0.4863778737397123,-6.123233995736765e-17,1.2499999999999996,0.0,0.0,0.0,1.0,
17 RevoluteJoint 4 1 3.141592653589793 1 0 [-5.70558308209374e-17,-1.2446537451277677e-16,1.0,4.4989714239039955,-0.03381779261779186,0.9994280148677342,1.224646799147353e-16,1.5543122344752192e-15,-0.9994280148677342,-0.03381779261779186,-6.123233995736764e-17,-1.2500000000000007,0.0,0.0,0.0,1.0,
18 Tip 4 1 0.5 True 0 [-5.705583082093743e-17,-1.2446537451277677e-16,1.0,4.49897142390401,-0.03381779261779183,0.9994280148677342,1.224646799147353e-16,1.3322676295501878e-15,-0.9994280148677342,-0.03381779261779183,-6.123233995736765e-17,-3.75,0.0,0.0,0.0,1.0,
0 Waypoint 4 1 2 [0.999999998046875,-6.249999995917087e-05,-3.287843088062292e-17,1.9984014443252818e-15,6.249999995917087e-05,0.999999998046875,-1.6653345369377348e-16,3.552713678800501e-15,3.28888391572563e-17,1.6653139846658413e-16,1.0,8.881784197001252e-16,0.0,0.0,0.0,1.0,
20 Waypoint 4 1 2 [0.9999999980468751,-6.249999995917087e-05,-3.2885207144200956e-17,1.9984014443252818e-15,6.249999995917087e-05,0.9999999980468751,-3.3306690738754696e-16,-7.105427357601002e-15,3.290602376167016e-17,3.330648514115805e-16,1.0,-1.4210854715202004e-14,0.0,0.0,0.0,1.0,
21 ExtendedRevoluteJoint 4 1 3.141592653589793 0.5428932188134526 1 0 [0.01914860105101554,-0.9998166487300505,-1.2244222586014898e-16,-3.767893552325347e-19,-0.9998166487300505,-0.01914860105101554,-2.345027298527582e-18,-2.4999999999999996,0.0,1.2246467991473532e-16,-1.0,1.136492467821654,0.0,0.0,0.0,1.0,
22 PrismaticJoint 4 1 2.0 3 0.6283185307179586 0 [-8.602958725076279e-17,-1.734730661630498e-16,1.0,2.2061730073491788,-0.7094120713675575,0.7047939507387898,6.12323399573677e-17,-5.000000000000001,-0.7047939507387898,-0.7094120713675575,-1.8369701987210302e-16,1.2499999999999987,0.0,0.0,0.0,1.0,
23 RevoluteJoint 4 1 3.141592653589793 1 0 [-6.911571868218588e-17,3.0334312527954765e-16,-1.0,4.510623537461868,0.043226684951406,-0.9990652900126757,-3.0604723082742754e-16,-4.999999999999998,-0.9990652900126757,-0.043226684951406,5.593859782101865e-17,-1.2499999999999998,0.0,0.0,0.0,1.0,
24 Tip 4 1 0.5 True 0 [-5.802330258350066e-17,3.0720041258129337e-16,-1.0,4.510623537461869,-0.01741861396033871,-0.999848284435044,-3.0614311998873794e-16,-4.999999999999997,-0.999848284435044,0.01741861396033871,6.336550494057891e-17,-3.7500000000000018,0.0,0.0,0.0,1.0,
22 Waypoint 4 1 2 [-0.9998166487300505,-2.2022929555750004e-16,0.019148601051015738,0.023935751313779008,-0.019148601051015738,5.1303474868150934e-17,-0.9998166487300505,-3.7497708109125227,2.1920652646369845e-16,-1.0,-5.551115123125784e-17,1.136492467821654,0.0,0.0,0.0,1.0,
26 Waypoint 4 1 2 [-0.9998166487300505,-2.2022929555750004e-16,0.019148601051015738,0.02393575131377812,-0.019148601051015738,5.1303474868150934e-17,-0.9998166487300505,-3.749770810912466,2.1920652646369845e-16,-1.0,-5.551115123125784e-17,1.1364924678216681,0.0,0.0,0.0,1.0,
27 PrismaticJoint 4 1 2.0 3 0.6283185307179586 0 [1.6239797458186921e-16,2.503726897018213e-17,-1.0,-2.1401983310052515,0.18238368844271813,-0.9832274356373655,5.0014118349529334e-18,-4.9999999999999885,-0.9832274356373655,-0.18238368844271813,-1.6424053356414754e-16,1.249999999999981,0.0,0.0,0.0,1.0,
28 RevoluteJoint 4 1 3.141592653589793 1 0 [5.2369422503706395e-17,1.9143019665997242e-16,-1.0,-4.460200746758545,0.13551739369331267,-0.9907749673899577,-1.8256727920631114e-16,-5.0,-0.9907749673899577,-0.13551739369331267,-7.782843419889836e-17,-1.25,0.0,0.0,0.0,1.0,
29 Tip 4 1 0.5 True 0 [5.746885196542746e-17,-6.477754215069509e-17,1.0,-4.460200746758545,0.059679984386977754,0.9982175611877253,6.123233995736767e-17,-5.0,-0.9982175611877253,0.059679984386977754,6.123233995736767e-17,-3.75,0.0,0.0,0.0,1.0,
