0.3141592653589793
-1 PrintedWaypoint 1 0.01 2 0.2;0.01;0.01;0.025;0.1;0.075;1;0.01;0.2;0.01 [1.0,0.0,0.0,0.0,0.0,-1.0,-1.2246467991473532e-16,0.0,0.0,1.2246467991473532e-16,-1.0,0.0,0.0,0.0,0.0,1.0,
0 PrintedOrthogonalRevoluteJoint 1 -1.5707963267948966 1.5707963267948966 0.01 0 2.0675 1.9325152647057597 0.2;0.01;0.01;0.025;0.1;0.075;1;0.01;0.2;0.01 [0.021930420498474146,-0.9997594994081127,0.0,0.0,0.9997594994081127,0.021930420498474146,0.0,4.0,-0.0,0.0,1.0,-1.2634803772477694,0.0,0.0,0.0,1.0,
1 PrintedPrismaticJoint 1 2.1266270208801 0.01 0 2.421067027759835 0.2;0.01;0.01;0.025;0.1;0.075;1;0.01;0.2;0.01 [-5.2250144188889313e-17,-6.905592911220276e-17,1.0,3.3774276688990934,0.1372296480504767,-0.990539259038198,-6.123233995736771e-17,8.0,0.990539259038198,0.1372296480504767,6.123233995736769e-17,2.0,0.0,0.0,0.0,1.0,
2 PrintedOrthogonalRevoluteJoint 1 -1.5707963267948966 1.5707963267948966 0.01 0 1.205 1.07 0.2;0.01;0.01;0.025;0.1;0.075;1;0.01;0.2;0.01 [-6.123232095592695e-17,-6.123235895880249e-17,1.0,5.588196665210054,-3.1031702805871765e-07,0.9999999999999519,6.123233995736767e-17,8.0,-0.9999999999999519,-3.1031702805871765e-07,-6.123233995736766e-17,-1.9999999999999976,0.0,0.0,0.0,1.0,
3 PrintedTip 1 0.01 0 0.2;0.01;0.01;0.025;0.1;0.075;1;0.01;0.2;0.01 [-1.3838829111304921e-16,1.5633521956631468e-16,-1.0,5.588196665210053,-3.1031702805858234e-07,-0.9999999999999519,-1.5633517662206393e-16,7.999999999999992,-0.9999999999999519,3.1031702805858234e-07,1.3838833962652327e-16,-5.999999999999996,0.0,0.0,0.0,1.0,
1 PrintedWaypoint 1 0.01 2 0.2;0.01;0.01;0.025;0.1;0.075;1;0.01;0.2;0.01 [-0.9997594994081127,3.851859888774472e-34,0.021930420498474146,0.04386084099694831,0.021930420498474146,8.813689813690023e-17,0.9997594994081127,5.9995189988162245,-1.9328792375734047e-18,1.0,-8.81157011607312e-17,-1.2634803772477698,0.0,0.0,0.0,1.0,
5 PrintedWaypoint 1 0.01 2 0.2;0.01;0.01;0.025;0.1;0.075;1;0.01;0.2;0.01 [-0.9997594994081128,6.1629758220391534e-33,0.02193042049847415,0.043860840996948335,0.02193042049847415,2.775907769906228e-16,0.9997594994081128,5.999518998816223,-6.087682465902515e-18,1.0,-2.7752401624445415e-16,-1.263480377247771,0.0,0.0,0.0,1.0,
6 PrintedPrismaticJoint 1 2.1266270208801 0.01 0 2.421067027759835 0.2;0.01;0.01;0.025;0.1;0.075;1;0.01;0.2;0.01 [1.0666726361172202e-16,-5.380920833973743e-16,1.0,47.15818357691432,0.9528789525062041,-0.3033507901270067,-2.648716490767215e-16,7.999999999999997,0.3033507901270067,0.9528789525062041,4.803790220822695e-16,2.0000000000000013,0.0,0.0,0.0,1.0,
7 PrintedOrthogonalRevoluteJoint 1 -1.5707963267948966 1.5707963267948966 0.01 0 1.205 1.07 0.2;0.01;0.01;0.025;0.1;0.075;1;0.01;0.2;0.01 [6.200952309873856e-17,-1.836960801253674e-16,1.0,49.371170760611115,2.476985340246485e-05,0.9999999996932272,1.8369454410221772e-16,7.999999999999998,-0.9999999996932272,2.476985340246485e-05,6.201407320469104e-17,-1.999999999999998,0.0,0.0,0.0,1.0,
8 PrintedTip 1 0.01 0 0.2;0.01;0.01;0.025;0.1;0.075;1;0.01;0.2;0.01 [6.121248475465791e-17,6.125218872391475e-17,1.0,49.34691124631725,-0.00032420751260268824,0.9999999474447431,-6.123233995736769e-17,7.999999999999997,-0.9999999474447431,-0.00032420751260268824,6.123233995736769e-17,-5.999999999999997,0.0,0.0,0.0,1.0,
0 PrintedWaypoint 1 0.01 2 0.2;0.01;0.01;0.025;0.1;0.075;1;0.01;0.2;0.01 [1.0,8.865740326845413e-33,0.0,2.1895288505075267e-47,8.865740326845413e-33,-1.0,-3.7058651113903883e-16,7.888609052210118e-31,-3.285523776390324e-48,3.7058651113903883e-16,-1.0,9.860761315262648e-31,0.0,0.0,0.0,1.0,
10 PrintedWaypoint 1 0.01 2 0.2;0.01;0.01;0.025;0.1;0.075;1;0.01;0.2;0.01 [1.0,1.1004019268356824e-32,0.0,0.0,1.1004019268356824e-32,-1.0,-2.3657102750832133e-16,7.888609052210118e-31,-2.60323214503654e-48,2.3657102750832133e-16,-1.0,7.888609052210118e-31,0.0,0.0,0.0,1.0,
11 PrintedPrismaticJoint 1 2.1266270208801 0.01 0 2.421067027759835 0.2;0.01;0.01;0.025;0.1;0.075;1;0.01;0.2;0.01 [-6.119436344039633e-17,1.2030844713988693e-16,-1.0,-5.431136059499189,-0.03521395354725303,0.9993797964115404,1.2238872688079262e-16,-2.806815225932021e-16,0.9993797964115404,0.03521395354725303,-5.691987440767098e-17,1.9999999999999996,0.0,0.0,0.0,1.0,
12 PrintedOrthogonalRevoluteJoint 1 -1.5707963267948966 1.5707963267948966 0.01 0 1.205 1.07 0.2;0.01;0.01;0.025;0.1;0.075;1;0.01;0.2;0.01 [1.1692917897049977e-16,1.0906624582573577e-16,-1.0,-7.641883124915403,-1.0460645509765201e-06,-0.9999999999994529,-1.0906636814114519e-16,-4.440855146688302e-15,-0.9999999999994529,1.0460645509765201e-06,-1.1692906488010232e-16,-2.0000000000000027,0.0,0.0,0.0,1.0,
13 PrintedTip 1 0.01 0 0.2;0.01;0.01;0.025;0.1;0.075;1;0.01;0.2;0.01 [1.023678217288658e-16,-2.2377904295990496e-16,1.0,-7.64190448722009,-2.0821455174634383e-05,0.9999999997832335,2.2378117435840857e-16,-6.661283937642315e-15,-0.9999999997832335,-2.0821455174634383e-05,1.0236316230136387e-16,-5.999999999999993,0.0,0.0,0.0,1.0,
0 PrintedWaypoint 1 0.01 2 0.2;0.01;0.01;0.025;0.1;0.075;1;0.01;0.2;0.01 [1.0,8.865740326845413e-33,0.0,0.0,8.865740326845413e-33,-1.0,-3.7058651113903883e-16,7.888609052210118e-31,-3.285523776390324e-48,3.7058651113903883e-16,-1.0,7.888609052210118e-31,0.0,0.0,0.0,1.0,
15 PrintedWaypoint 1 0.01 2 0.2;0.01;0.01;0.025;0.1;0.075;1;0.01;0.2;0.01 [1.0,1.1004019268356824e-32,0.0,0.0,1.1004019268356824e-32,-1.0,-2.3657102750832133e-16,3.944304526105059e-31,-2.60323214503654e-48,2.3657102750832133e-16,-1.0,0.0,0.0,0.0,0.0,1.0,
16 PrintedPrismaticJoint 1 2.1266270208801 0.01 0 2.421067027759835 0.2;0.01;0.01;0.025;0.1;0.075;1;0.01;0.2;0.01 [-1.356161864737625e-16,1.8848003862130966e-17,1.0,-8.441025868979752,-0.8243499081077542,0.5660805852550831,-1.2246467991473532e-16,4.535759788593108e-16,-0.5660805852550831,-0.8243499081077542,-6.12323399573677e-17,2.0000000000000004,0.0,0.0,0.0,1.0,
17 PrintedOrthogonalRevoluteJoint 1 -1.5707963267948966 1.5707963267948966 0.01 0 1.205 1.07 0.2;0.01;0.01;0.025;0.1;0.075;1;0.01;0.2;0.01 [-5.327409991593136e-17,-3.6714204904179305e-16,1.0,-5.504658379077316,0.00010923407009574077,0.9999999940339591,3.6714786619817297e-16,-2.7929047963226594e-16,-0.9999999940339591,0.00010923407009574077,-5.323399517777576e-17,-1.9999999999999978,0.0,0.0,0.0,1.0,
18 PrintedTip 1 0.01 0 0.2;0.01;0.01;0.025;0.1;0.075;1;0.01;0.2;0.01 [-1.428193622795605e-16,2.137922715510016e-16,-1.0,-5.504630058475046,-4.8477768151838406e-05,-0.999999998824953,-2.1378534773585343e-16,-9.826341129670624e-15,-0.999999998824953,4.8477768151838406e-05,1.4282972628391394e-16,-5.999999999999983,0.0,0.0,0.0,1.0,
0 PrintedWaypoint 1 0.01 2 0.2;0.01;0.01;0.025;0.1;0.075;1;0.01;0.2;0.01 [1.0,8.865740326845413e-33,0.0,0.0,8.865740326845413e-33,-1.0,-3.7058651113903883e-16,7.888609052210118e-31,-3.285523776390324e-48,3.7058651113903883e-16,-1.0,7.888609052210118e-31,0.0,0.0,0.0,1.0,
20 PrintedWaypoint 1 0.01 2 0.2;0.01;0.01;0.025;0.1;0.075;1;0.01;0.2;0.01 [-0.03721283907499645,0.9551076284310656,-0.2939126106868571,-10.477392907049461,-0.4393128251381588,0.248535098917587,0.8632696833986208,88.3993745289414,0.8975630597774779,0.16124429515121097,0.41034233391654973,40.234212276137335,0.0,0.0,0.0,1.0,
21 PrintedOrthogonalRevoluteJoint 1 -1.5707963267948966 1.5707963267948966 0.01 0 2.0675 1.9325000083553239 0.2;0.01;0.01;0.025;0.1;0.075;1;0.01;0.2;0.01 [0.13633759836168374,0.9906624345724271,2.3672231653447267e-16,-1.587762399668376e-15,-0.9906624345724271,0.13633759836168374,-2.4293341636845036e-17,-3.999999999999997,-5.634065308478091e-17,-2.3119981056071807e-16,1.0,48.86420548428657,0.0,0.0,0.0,1.0,
22 PrintedPrismaticJoint 1 2.1266270208801 0.01 0 2.421067027759835 0.2;0.01;0.01;0.025;0.1;0.075;1;0.01;0.2;0.01 [-8.358075189768395e-19,2.940494990343717e-16,-1.0,-2.664568889344233,-0.9995575087161853,-0.02974536550613092,-7.91117214423733e-18,-8.000000000000004,-0.02974536550613092,0.9995575087161853,2.939442460941836e-16,2.0,0.0,0.0,0.0,1.0,
23 PrintedOrthogonalRevoluteJoint 1 -1.5707963267948966 1.5707963267948966 0.01 0 1.205 1.07 0.2;0.01;0.01;0.025;0.1;0.075;1;0.01;0.2;0.01 [-1.2194344791248835e-16,5.219730080787421e-16,-1.0,-4.878484413665293,6.555702711762486e-05,-0.9999999978511381,-5.219810012070158e-16,-8.000000000000012,-0.9999999978511381,-6.555702711762486e-05,1.2190922865180342e-16,-1.9999999999999962,0.0,0.0,0.0,1.0,
24 PrintedTip 1 0.01 0 0.2;0.01;0.01;0.025;0.1;0.075;1;0.01;0.2;0.01 [2.233613681428754e-18,-4.1140130079190414e-16,1.0,-4.879714215083186,-0.0029321303652812564,0.9999957012965212,4.114060815462008e-16,-7.9999999999999885,-0.9999957012965212,-0.0029321303652812564,1.0273218334177011e-18,-5.999999999999995,0.0,0.0,0.0,1.0,
22 PrintedWaypoint 1 0.01 2 0.2;0.01;0.01;0.025;0.1;0.075;1;0.01;0.2;0.01 [0.9906624345724271,2.367223165344726e-16,0.13633759836168374,0.2726751967233659,0.13633759836168374,-5.3046105545239755e-18,-0.9906624345724271,-5.98132486914485,-2.3378868855241755e-16,1.0,-3.752923052132761e-17,48.86420548428657,0.0,0.0,0.0,1.0,
26 PrintedWaypoint 1 0.01 2 0.2;0.01;0.01;0.025;0.1;0.075;1;0.01;0.2;0.01 [0.9906624345724271,1.649702893437648e-16,0.13633759836168374,0.2726751967233536,0.13633759836168374,-9.053404527457667e-18,-0.9906624345724271,-5.981324869144828,-1.6219554904314137e-16,1.0,-3.14605208205012e-17,48.86420548428657,0.0,0.0,0.0,1.0,
27 PrintedPrismaticJoint 1 2.1266270208801 0.01 0 2.421067027759835 0.2;0.01;0.01;0.025;0.1;0.075;1;0.01;0.2;0.01 [-2.1189458873252963e-16,2.4292014244228134e-17,1.0,3.025328061591832,-0.1928442641311856,-0.9812293767472016,-1.7026618040706772e-17,-8.0,0.9812293767472016,-0.1928442641311856,2.1260177084931708e-16,2.0,0.0,0.0,0.0,1.0,
28 PrintedOrthogonalRevoluteJoint 1 -1.5707963267948966 1.5707963267948966 0.01 0 1.205 1.07 0.2;0.01;0.01;0.025;0.1;0.075;1;0.01;0.2;0.01 [-7.967577809771425e-17,3.1361728798199934e-16,-1.0,6.236885386258939,0.00027153574114853517,-0.9999999631341701,-3.13638911241695e-16,-8.000000000000018,-0.9999999631341701,-0.00027153574114853517,7.959061685767138e-17,-1.999999999999998,0.0,0.0,0.0,1.0,
29 PrintedTip 1 0.01 0 0.2;0.01;0.01;0.025;0.1;0.075;1;0.01;0.2;0.01 [-1.9963079668596756e-17,1.5292096191275641e-16,-1.0,6.236735856076793,8.982554435113662e-05,-0.9999999959656858,-1.5292275449032335e-16,-8.000000000000012,-0.9999999959656858,-8.982554435113662e-05,1.9949343379412906e-17,-5.999999999999983,0.0,0.0,0.0,1.0,
