0.3141592653589793
-1 Waypoint 4 1 2 [0.999999998046875,6.24999999593099e-05,0.0,0.0,-6.24999999593099e-05,0.999999998046875,0.0,0.0,0.0,-0.0,1.0,0.0,0.0,0.0,0.0,1.0,
0 ExtendedRevoluteJoint 4 1 3.141592653589793 0.5428932188134526 1 0 [0.3887724546677838,0.921333804053442,1.1283084940803022e-16,-2.1300162812873783e-16,0.921333804053442,-0.3887724546677838,-4.761089422055609e-17,2.4999999999999996,-6.162975822039155e-33,1.2246467991473532e-16,-1.0,4.016030979326353,0.0,0.0,0.0,1.0,
1 PrismaticJoint 4 1 2.0 3 0.6283185307179586 0 [-4.1501081098103587e-17,7.600302086758076e-17,1.0,4.27732570828481,-0.9594938070919329,0.2817297182624309,-6.123233995736765e-17,5.0,-0.2817297182624309,-0.9594938070919329,6.123233995736766e-17,1.2500000000000004,0.0,0.0,0.0,1.0,
2 RevoluteJoint 4 1 3.141592653589793 1 0 [-6.159968449457271e-17,1.8329645194002357e-16,-1.0,6.596322221193013,0.006520449916491395,-0.9999787416404844,-1.836942130157688e-16,4.999999999999999,-0.9999787416404844,-0.006520449916491395,6.040319965158818e-17,-1.2500000000000013,0.0,0.0,0.0,1.0,
3 Tip 4 1 0.5 True 0 [-6.159739328411107e-17,-3.0576190183649497e-16,1.0,6.596322221193013,0.006507950181711802,0.999978823067985,3.061562995043033e-16,4.999999999999997,-0.999978823067985,0.006507950181711802,-5.960620561568381e-17,-3.7499999999999982,0.0,0.0,0.0,1.0,
1 Waypoint 4 1 2 [0.9213338040534419,1.128308494080302e-16,0.38877245466778376,0.4859655683347294,-0.38877245466778376,9.825741006175137e-18,0.9213338040534419,3.651667255066801,1.001348982497809e-16,-1.0,5.291831362547419e-17,4.016030979326353,0.0,0.0,0.0,1.0,
5 Waypoint 4 1 2 [0.9213338040534419,1.1283084940803022e-16,0.38877245466778376,0.48596556833472976,-0.38877245466778376,6.722603173179397e-18,0.9213338040534419,3.651667255066801,1.0134131276228714e-16,-1.0,5.005928784129808e-17,4.016030979326353,0.0,0.0,0.0,1.0,
6 PrismaticJoint 4 1 2.0 3 0.6283185307179586 0 [6.022442827288205e-17,1.846886074066076e-16,-1.0,-1.390475438644933,0.9998667031997112,0.016327150165927506,6.323183917635776e-17,5.0,0.016327150165927506,-0.9998667031997112,-1.83680695722122e-16,1.2499999999999993,0.0,0.0,0.0,1.0,
7 RevoluteJoint 4 1 3.141592653589793 1 0 [6.150340671964719e-17,6.147373466764204e-17,-1.0,-3.7417299523217125,0.0039345967363872796,-0.9999922594443029,-6.123126772341911e-17,4.999999999999997,-0.9999922594443029,-0.0039345967363872796,-6.174480500489874e-17,-1.249999999999999,0.0,0.0,0.0,1.0,
8 Tip 4 1 0.5 True 0 [6.150417513652557e-17,-1.8393764578499082e-16,1.0,-3.7417299523217116,0.003922096832837164,0.9999923085486379,1.836950057070253e-16,4.999999999999996,-0.9999923085486379,0.003922096832837164,6.222512333812675e-17,-3.749999999999997,0.0,0.0,0.0,1.0,
0 Waypoint 4 1 2 [0.999999998046875,6.249999995943528e-05,-5.605325231750058e-17,1.3322676295501878e-15,-6.249999995943528e-05,0.999999998046875,0.0,3.552713678800501e-15,5.605325220802158e-17,3.503328267570002e-21,1.0,8.881784197001252e-16,0.0,0.0,0.0,1.0,
10 Waypoint 4 1 2 [0.999999998046875,6.249999995943528e-05,-5.605325231750057e-17,1.3322676295501878e-15,-6.249999995943528e-05,0.999999998046875,0.0,3.552713678800502e-15,5.605325220802156e-17,3.503328267570001e-21,1.0,8.881784197001252e-16,0.0,0.0,0.0,1.0,
11 PrismaticJoint 4 1 2.0 3 0.6283185307179586 0 [-5.987688447739332e-17,1.3088358898410747e-17,-1.0,-2.211643006717931,-0.1528838760649816,-0.9882441603365776,-3.780284064144684e-18,-4.440892098500626e-16,-0.9882441603365776,0.1528838760649816,6.117398046365045e-17,1.2500000000000093,0.0,0.0,0.0,1.0,
12 RevoluteJoint 4 1 3.141592653589793 1 0 [6.121516633862696e-17,1.4501264734061824e-18,1.0,-4.505453761654678,-0.02368236252960127,0.9997195335217856,-1.241021107914525e-32,-2.2280354644577116e-16,-0.9997195335217856,-0.02368236252960127,6.123233995736764e-17,-1.2500000000000007,0.0,0.0,0.0,1.0,
13 Tip 4 1 0.5 True 0 [6.125719716461599e-17,1.2330445958523743e-16,-1.0,-4.505453761654678,0.01371470530291634,-0.9999059490064324,-1.2245273827150678e-16,4.119968255444917e-18,-0.9999059490064324,-0.01371470530291634,-6.294252019010638e-17,-3.7500000000000004,0.0,0.0,0.0,1.0,
0 Waypoint 4 1 2 [0.999999998046875,6.24999999593099e-05,1.232595164407831e-32,0.0,-6.24999999593099e-05,0.999999998046875,-7.028404150473293e-33,-3.944304526105059e-31,-1.2326390895263303e-32,7.027633764768687e-33,1.0,0.0,0.0,0.0,0.0,1.0,
15 Waypoint 4 1 2 [0.999999998046875,6.249999995943528e-05,-5.605325231750058e-17,1.5543122344752192e-15,-6.249999995943528e-05,0.999999998046875,0.0,1.7763568394002505e-15,5.605325220802158e-17,3.503328267570002e-21,1.0,1.4210854715202004e-14,0.0,0.0,0.0,1.0,
16 PrismaticJoint 4 1 2.0 3 0.6283185307179586 0 [1.5828964065065234e-18,1.369105245123234e-16,1.0,2.168036335213961,0.45752397319084287,0.8891972862957157,-1.224646799147354e-16,-9.55798683592136e-16,-0.8891972862957157,0.45752397319084287,-6.123233995736765e-17,1.2499999999999998,0.0,0.0,0.0,1.0,
17 RevoluteJoint 4 1 3.141592653589793 1 0 [-9.168175902503953e-17,-1.0169293163906629e-16,1.0,5.421859627090856,0.2667563789588152,0.9637639930422703,1.2246467991473535e-16,1.5543122344752192e-15,-0.9637639930422703,0.2667563789588152,-6.123233995736762e-17,-1.2500000000000004,0.0,0.0,0.0,1.0,
18 Tip 4 1 0.5 True 0 [-3.553789913117852e-17,2.546919653312311e-16,-1.0,5.447876133610702,-0.19973591470361785,-0.979849766228226,-2.4246166790040336e-16,1.898745637542903e-15,-0.979849766228226,0.19973591470361785,8.569293481902311e-17,-3.750000000000001,0.0,0.0,0.0,1.0,
0 Waypoint 4 1 2 [0.999999998046875,6.24999999593099e-05,1.232595164407831e-32,0.0,-6.24999999593099e-05,0.999999998046875,-7.028404150473293e-33,0.0,-1.2326390895263303e-32,7.027633764768687e-33,1.0,0.0,0.0,0.0,0.0,1.0,
20 Waypoint 4 1 2 [0.999999998046875,6.249999995943528e-05,-5.605325231750058e-17,1.7763568394002505e-15,-6.249999995943528e-05,0.999999998046875,0.0,3.552713678800501e-15,5.605325220802158e-17,3.503328267570002e-21,1.0,0.0,0.0,0.0,0.0,1.0,
21 ExtendedRevoluteJoint 4 1 3.141592653589793 0.5428932188134526 1 0 [0.040455004690269476,0.9991813612130234,0.0,-4.3368086899420177e-16,-0.9991813612130234,0.040455004690269476,0.0,-2.5,0.0,-0.0,1.0,4.866296469541274,0.0,0.0,0.0,1.0,
22 PrismaticJoint 4 1 2.0 3 0.6283185307179586 0 [-8.261951468949692e-17,1.751228436241784e-16,1.0,2.0815904108221446,0.9929198295955,0.11878641334783822,6.123233995736767e-17,-4.999999999999999,-0.11878641334783822,0.9929198295955,-1.8369701987210294e-16,1.2499999999999973,0.0,0.0,0.0,1.0,
23 RevoluteJoint 4 1 3.141592653589793 1 0 [-5.5507167153098916e-17,-3.3122074881150665e-16,1.0,4.851528751960835,0.5104479540363139,0.8599086499275032,3.1315310684613036e-16,-4.9999999999999964,-0.8599086499275032,0.5104479540363139,1.213398603972879e-16,-1.2500000000000018,0.0,0.0,0.0,1.0,
24 Tip 4 1 0.5 True 0 [1.7838799590147368e-16,1.9777548581138121e-16,-1.0,3.6030087075254404,-0.9969809973391563,-0.07764593321366763,-1.9320590422979571e-16,-4.999999999999993,-0.07764593321366763,0.9969809973391563,1.8332729867758115e-16,-3.7499999999999973,0.0,0.0,0.0,1.0,
22 Waypoint 4 1 2 [0.9991813612130234,-5.3171839756243636e-17,0.040455004690269664,0.05056875586283471,0.040455004690269664,-1.4104440952920048e-16,-0.9991813612130234,-3.7489767015162814,5.88342634748844e-17,1.0,-1.3877787807814457e-16,4.866296469541275,0.0,0.0,0.0,1.0,
26 Waypoint 4 1 2 [0.7859517384131908,0.4424381553846341,0.43188927232003066,5.7700226543079625,0.4832973999929055,-0.003960198680662884,-0.8754472799583692,-6.464450523464063,-0.3856209123548419,0.8967902739694783,-0.21694173519257942,6.915981150034287,0.0,0.0,0.0,1.0,
27 PrismaticJoint 4 1 2.0 3 0.6283185307179586 0 [3.777365290606706e-17,7.79227185064873e-17,1.0,10.620662321261758,-0.9447325669173078,-0.32784200006380276,6.123233995736765e-17,-4.999999999999998,0.32784200006380276,-0.9447325669173078,6.123233995736765e-17,1.2500000000000009,0.0,0.0,0.0,1.0,
28 RevoluteJoint 4 1 3.141592653589793 1 0 [8.592408824214704e-17,1.0763362535240721e-17,1.0,13.667189463972385,-0.789512950547907,0.6137339007396758,6.123233995736766e-17,-4.999999999999998,-0.6137339007396758,-0.789512950547907,6.123233995736771e-17,-1.2499999999999996,0.0,0.0,0.0,1.0,
29 Tip 4 1 0.5 True 0 [-5.626616432226843e-17,1.882895814776605e-16,-1.0,14.68884490884585,0.9969492099289204,-0.07805301289573324,-7.079107719802436e-17,-4.999999999999998,-0.07805301289573324,-0.9969492099289204,-1.8332340584256125e-16,-3.7499999999999982,0.0,0.0,0.0,1.0,
