0.3141592653589793
-1 PrintedWaypoint 1 0.05 2 0.2;0.05;0.05;0.125;0.1;0.075;1;0.05;0.2;0.05 [0.577353631619311,-0.8164942033205091,0.0,0.0,0.8164942033205091,0.577353631619311,0.0,0.0,-0.0,0.0,1.0,0.0,0.0,0.0,0.0,1.0,
0 PrintedOrthogonalRevoluteJoint 1 -1.5707963267948966 1.5707963267948966 0.05 0 1.625 1.35 0.2;0.05;0.05;0.125;0.1;0.075;1;0.05;0.2;0.05 [0.8221845921558446,0.2720523780846754,0.5000000000000003,3.3940532640215006,-0.2062132816105456,-0.6763697823582971,0.7071067811865474,-0.8569380920965068,0.5305549725607491,-0.6844789413057664,-0.5000000000000001,3.605946735978501,0.0,0.0,0.0,1.0,
1 PrintedOrthogonalRevoluteJoint 1 -1.5707963267948966 1.5707963267948966 0.05 0 1.625 1.35 0.2;0.05;0.05;0.125;0.1;0.075;1;0.05;0.2;0.05 [-0.09014743570886624,0.8613207531663895,0.4999999999999997,6.8111484508024684,0.5317179267133809,0.46612878736634955,-0.7071067811865478,-2.138829571091425,-0.8421101390238332,0.20211510026037263,-0.5,2.786386663760347,0.0,0.0,0.0,1.0,
2 PrintedOrthogonalRevoluteJoint 1 -1.5707963267948966 1.5707963267948966 0.05 0 1.625 1.35 0.2;0.05;0.05;0.125;0.1;0.075;1;0.05;0.2;0.05 [0.2868259568507696,0.8171480101405381,-0.49999999999999956,9.639554926300928,-0.4095542873540254,0.5764245707028247,0.707106781186548,-2.138800368645237,0.8660231845548807,0.001960564567513117,0.49999999999999967,5.614834437754268,0.0,0.0,0.0,1.0,
3 PrintedTip 1 0.05 2 0.2;0.05;0.05;0.125;0.1;0.075;1;0.05;0.2;0.05 [-0.40484065095018845,-0.5797448122564169,0.7071067811865474,11.757026174607963,0.8198829762084683,-0.5725311391737086,-3.9162846261395155e-17,-1.887934795476165e-15,0.40484065095018823,0.5797448122564166,0.7071067811865478,10.757026174607965,0.0,0.0,0.0,1.0,
0 PrintedWaypoint 1 0.05 2 0.2;0.05;0.05;0.125;0.1;0.075;1;0.05;0.2;0.05 [0.577353631619311,-0.8164942033205091,0.0,-7.888609052210118e-31,0.8164942033205091,0.577353631619311,-2.5561933491872344e-16,-7.888609052210118e-31,2.087117052177815e-16,1.4758275132743794e-16,1.0,-7.888609052210118e-31,0.0,0.0,0.0,1.0,
5 PrintedWaypoint 1 0.05 2 0.2;0.05;0.05;0.125;0.1;0.075;1;0.05;0.2;0.05 [0.5773536316193111,-0.8164942033205093,-1.232595164407831e-32,-5.9164567891575885e-31,0.8164942033205093,0.5773536316193111,-2.5561933491872344e-16,-1.9721522630525295e-31,2.0871170521778153e-16,1.4758275132743796e-16,1.0,-7.888609052210118e-31,0.0,0.0,0.0,1.0,
6 PrintedOrthogonalRevoluteJoint 1 -1.5707963267948966 1.5707963267948966 0.05 0 1.625 1.35 0.2;0.05;0.05;0.125;0.1;0.075;1;0.05;0.2;0.05 [2.545908039054795e-16,3.6985940461007347e-16,-1.0,-0.6840607001821049,-0.017484173140269895,0.9998471401617356,3.653515582659002e-16,2.373101715136272e-15,0.9998471401617356,0.017484173140269895,2.610185730641305e-16,8.000000000000002,0.0,0.0,0.0,1.0,
7 PrintedOrthogonalRevoluteJoint 1 -1.5707963267948966 1.5707963267948966 0.05 0 1.625 1.35 0.2;0.05;0.05;0.125;0.1;0.075;1;0.05;0.2;0.05 [5.235090747410055e-17,-2.887420803039422e-16,1.0,-0.6840984521393395,0.01053899660525875,-0.9999444632331109,-2.89277770538489e-16,7.0360384185619296e-15,0.9999444632331109,0.01053899660525875,-4.9304948269837134e-17,12.000000000000004,0.0,0.0,0.0,1.0,
8 PrintedTip 1 0.05 2 0.2;0.05;0.05;0.125;0.1;0.075;1;0.05;0.2;0.05 [-0.08524226119738887,-0.9963602545796155,1.140715795838736e-16,-7.338125384240014e-16,0.9963602545796155,-0.08524226119738887,-4.4762942999848566e-17,1.0616970525918337e-16,5.432373666514922e-17,1.0984069359533025e-16,1.0,15.883038422557743,0.0,0.0,0.0,1.0,
0 PrintedWaypoint 1 0.05 2 0.2;0.05;0.05;0.125;0.1;0.075;1;0.05;0.2;0.05 [0.577353631619311,-0.8164942033205091,0.0,-1.5777218104420236e-30,0.8164942033205091,0.577353631619311,-2.5561933491872344e-16,-3.944304526105059e-30,2.087117052177815e-16,1.4758275132743794e-16,1.0,-1.5777218104420236e-30,0.0,0.0,0.0,1.0,
10 PrintedWaypoint 1 0.05 2 0.2;0.05;0.05;0.125;0.1;0.075;1;0.05;0.2;0.05 [0.5773536316193111,-0.8164942033205093,-1.232595164407831e-32,-7.888609052210118e-31,0.8164942033205093,0.5773536316193111,-2.5561933491872344e-16,-3.549874073494553e-30,2.0871170521778153e-16,1.4758275132743796e-16,1.0,-1.5777218104420236e-30,0.0,0.0,0.0,1.0,
11 PrintedOrthogonalRevoluteJoint 1 -1.5707963267948966 1.5707963267948966 0.05 0 1.625 1.35 0.2;0.05;0.05;0.125;0.1;0.075;1;0.05;0.2;0.05 [-0.7604514496148248,0.6493947896146933,1.8369701987210277e-16,-2.249999999999999,1.3969266505166383e-16,-1.1929188757269032e-16,1.0,2.1547715383695,0.6493947896146933,0.7604514496148248,2.266769837931913e-33,3.9999999999999987,0.0,0.0,0.0,1.0,
12 PrintedOrthogonalRevoluteJoint 1 -1.5707963267948966 1.5707963267948966 0.05 0 1.625 1.35 0.2;0.05;0.05;0.125;0.1;0.075;1;0.05;0.2;0.05 [-2.9470894512665084e-17,-1.3371037229735254e-16,1.0,-3.8175534313484927,-0.6292497116942273,-0.7772031911493492,-1.2246467991473542e-16,-8.640007112536985e-16,0.7772031911493492,-0.6292497116942273,-6.123233995736772e-17,7.999999999999999,0.0,0.0,0.0,1.0,
13 PrintedOrthogonalRevoluteJoint 1 -1.5707963267948966 1.5707963267948966 0.05 0 1.625 1.35 0.2;0.05;0.05;0.125;0.1;0.075;1;0.05;0.2;0.05 [7.697683831768783e-17,1.899776224629385e-16,-1.0,-3.817556752859956,0.5131118071606917,0.858321777279529,2.0255965517443386e-16,-4.85722573273506e-16,0.858321777279529,-0.5131118071606917,-3.1408864507853214e-17,12.0,0.0,0.0,0.0,1.0,
14 PrintedTip 1 0.05 2 0.2;0.05;0.05;0.125;0.1;0.075;1;0.05;0.2;0.05 [-0.7949547256491839,-0.6066687598418358,3.6710171892704026e-17,-2.2500000000000018,0.6066687598418358,-0.7949547256491839,1.8124409623094688e-16,1.9984014443252818e-15,-8.077220646358397e-17,1.6635176525053402e-16,1.0,20.1640645474872,0.0,0.0,0.0,1.0,
