0.3141592653589793
-1 Waypoint 4 1 2 [1.0,0.0,0.0,0.0,0.0,-1.0,-1.2246467991473532e-16,0.0,0.0,1.2246467991473532e-16,-1.0,0.0,0.0,0.0,0.0,1.0,
0 ExtendedRevoluteJoint 4 1 3.141592653589793 0.5428932188134525 1 0 [-0.12115241038370046,-0.9926339171407653,0.0,3.464335705208852e-17,0.9926339171407653,-0.12115241038370046,0.0,2.4999999999999996,0.0,0.0,1.0,-3.0006341394940836,0.0,0.0,0.0,1.0,
1 PrismaticJoint 4 1 2.0 3 0.6283185307179586 0 [-6.621408526079431e-17,-1.820878516261547e-16,-1.0,18.709674883014827,-0.9996833232202094,0.025164524144094185,6.161096265890451e-17,4.9999999999999964,0.025164524144094185,0.9996833232202094,-1.8369643457888705e-16,1.2500000000000013,0.0,0.0,0.0,1.0,
2 RevoluteJoint 4 1 3.141592653589793 1 0 [-8.093500994400017e-17,-3.079485474351024e-17,1.0,16.802022357793998,0.40942543789278196,0.9123435815559311,6.12323399573677e-17,5.0,-0.9123435815559311,0.40942543789278196,-6.123233995736771e-17,-1.249999999999999,0.0,0.0,0.0,1.0,
3 Tip 4 1 0.5 True 0 [-2.2172313701260955e-16,-2.295282298065452e-16,1.0,16.76529292481502,-0.3081820693088711,0.9513273948312969,1.500253977238995e-16,4.999999999999994,-0.9513273948312969,-0.3081820693088711,-2.816677791346117e-16,-3.749999999999996,0.0,0.0,0.0,1.0,
1 Waypoint 4 1 2 [-0.9926339171407652,4.622231866529366e-33,-0.12115241038370045,-0.1514405129796255,-0.12115241038370045,6.17832004671412e-17,0.9926339171407652,3.740792396425955,7.485183657813527e-18,1.0,-6.132810029319152e-17,-3.000634139494084,0.0,0.0,0.0,1.0,
5 Waypoint 4 1 2 [-0.9926339171407652,1.3866695599588098e-32,-0.12115241038370045,-0.15144051297962544,-0.12115241038370045,6.011425782069482e-17,0.9926339171407652,3.7407923964259546,7.282987233404406e-18,1.0,-5.967145121656618e-17,-3.000634139494084,0.0,0.0,0.0,1.0,
6 PrismaticJoint 4 1 2.0 3 0.6283185307179586 0 [-9.953358607605497e-18,-1.9349734222769222e-16,-1.0,46.33720950494156,-0.9631786836438098,-0.2688620898791384,6.161096265890443e-17,4.999999999999996,-0.2688620898791384,0.9631786836438098,-1.8369643457888703e-16,1.250000000000003,0.0,0.0,0.0,1.0,
7 RevoluteJoint 4 1 3.141592653589793 1 0 [5.504034578875414e-17,6.685326655267995e-17,1.0,44.49371966107629,-0.09645981822800186,0.9953368793867838,-6.123233995736771e-17,4.999999999999993,-0.9953368793867838,-0.09645981822800186,6.123233995736771e-17,-1.2499999999999976,0.0,0.0,0.0,1.0,
8 Tip 4 1 0.5 True 0 [1.4026717676507531e-16,2.1089812244643242e-17,-1.0,44.49371966107629,-0.09645981822800187,-0.9953368793867838,-3.452161428055055e-17,4.99999999999999,-0.9953368793867838,0.09645981822800187,-1.3757877454616345e-16,-3.7499999999999964,0.0,0.0,0.0,1.0,
0 Waypoint 4 1 2 [1.0,1.5314226533829526e-33,0.0,0.0,1.5314226533829526e-33,-1.0,-2.0406565333305085e-16,-1.9721522630525295e-31,-3.125107642916265e-49,2.0406565333305085e-16,-1.0,1.9721522630525295e-31,0.0,0.0,0.0,1.0,
10 Waypoint 4 1 2 [1.0,2.0928455729387384e-16,-6.266100197524175e-17,3.1086244689504383e-15,2.0928455729387381e-16,-1.0,-2.0406565166415787e-16,1.7763568394002505e-15,-6.266100197524178e-17,2.0406565166415784e-16,-1.0,0.0,0.0,0.0,0.0,1.0,
11 PrismaticJoint 4 1 2.0 3 0.6283185307179586 0 [3.329681438377865e-17,-5.138795197852147e-17,1.0,4.9410141611595275,0.8392289436317443,0.5437782454004081,1.5154069333975553e-32,1.1102230246251565e-16,-0.5437782454004081,0.8392289436317443,6.123233995736761e-17,1.2499999999999998,0.0,0.0,0.0,1.0,
12 RevoluteJoint 4 1 3.141592653589793 1 0 [4.0681772729515e-16,-1.444634261185977e-16,1.0,7.612024685755565,-0.003639478341955066,0.9999933770767677,1.459430736560307e-16,-2.4424906541753444e-15,-0.9999933770767677,-0.003639478341955066,4.062892614620093e-16,-1.2500000000000084,0.0,0.0,0.0,1.0,
13 Tip 4 1 0.5 True 0 [6.123193442028083e-17,2.2285377510205386e-19,1.0,7.612024685755565,-0.003639478341955296,0.9999933770767676,2.9823326601052075e-32,2.220446049250313e-15,-0.9999933770767676,-0.003639478341955296,6.123233995736771e-17,-3.7499999999999996,0.0,0.0,0.0,1.0,
0 Waypoint 4 1 2 [1.0,3.7708306331003766e-17,3.770550482037395e-17,4.440892098500626e-16,3.770830633100377e-17,-1.0,-2.0406565333305085e-16,-1.7763568394002505e-15,3.7705504820373946e-17,2.0406565333305085e-16,-1.0,1.7763568394002505e-15,0.0,0.0,0.0,1.0,
15 Waypoint 4 1 2 [1.0,3.7708306331003754e-17,3.770550482037394e-17,4.440892098500626e-16,3.770830633100376e-17,-1.0,-2.0406565166415787e-16,-1.7763568394002505e-15,3.7705504820373934e-17,2.0406565166415787e-16,-1.0,1.7763568394002505e-15,0.0,0.0,0.0,1.0,
16 PrismaticJoint 4 1 2.0 3 0.6283185307179586 0 [-1.5075425537648057e-16,-1.4283962867055728e-16,1.0,-5.995932937794011,0.2586451279963023,-0.965972410456829,-9.898728673781953e-17,4.440892098500626e-16,0.965972410456829,0.2586451279963023,1.8256922549308386e-16,1.2499999999999998,0.0,0.0,0.0,1.0,
17 RevoluteJoint 4 1 3.141592653589793 1 0 [-1.5538682058659976e-18,2.4608639805671475e-16,-1.0,10.100378981044784,-0.888228446774097,-0.4594020312768277,-1.1167240119386472e-16,-1.2531633269181076e-14,-0.4594020312768277,0.888228446774097,2.1929478932825916e-16,-1.2500000000000173,0.0,0.0,0.0,1.0,
18 Tip 4 1 0.5 True 0 [-1.904039028306406e-16,-1.510446608215759e-17,1.0,11.529403063091866,0.8851145342700979,0.4653732493642363,1.75558476237717e-16,2.460335647614622e-15,-0.4653732493642363,0.8851145342700979,-7.523970049022013e-17,-3.7499999999999982,0.0,0.0,0.0,1.0,
0 Waypoint 4 1 2 [1.0,1.5314226533829526e-33,0.0,0.0,1.5314226533829526e-33,-1.0,-2.0406565333305085e-16,7.247622361667139e-32,-3.125107642916265e-49,2.0406565333305085e-16,-1.0,0.0,0.0,0.0,0.0,1.0,
20 Waypoint 4 1 2 [1.0,1.5310769527194005e-33,0.0,0.0,1.5310769527194005e-33,-1.0,-2.0406565333305085e-16,0.0,-3.1244021865986106e-49,2.0406565333305085e-16,-1.0,9.860761315262648e-32,0.0,0.0,0.0,1.0,
21 ExtendedRevoluteJoint 4 1 3.141592653589793 0.5428932188134525 1 0 [0.03842630528983587,-0.999261436793081,-6.730461859910145e-17,3.774758283725532e-15,-0.999261436793081,-0.03842630528983587,1.6686198994585168e-16,-2.499999999999978,-1.693250196411494e-16,6.084302011721961e-17,-1.0,-5.546967225416732,0.0,0.0,0.0,1.0,
22 PrismaticJoint 4 1 2.0 3 0.6283185307179586 0 [-1.6258798504134969e-16,1.0224259055882257e-16,1.0,3.237282329303823,0.7918269913606655,0.6107454590520645,6.629735712116441e-17,-4.999999999999991,-0.6107454590520645,0.7918269913606655,-1.802583164315421e-16,1.2499999999999885,0.0,0.0,0.0,1.0,
23 RevoluteJoint 4 1 3.141592653589793 1 0 [-6.378155761042634e-17,-2.1329793479175935e-16,1.0,7.436306454560746,0.04638056485779824,0.9989238425443012,2.1602661729842974e-16,-4.99999999999999,-0.9989238425443012,0.04638056485779824,-5.3820039913024163e-17,-1.2500000000000182,0.0,0.0,0.0,1.0,
24 Tip 4 1 0.5 True 0 [-6.968641586255514e-17,-1.8065934243979067e-16,1.0,7.436306454560746,0.04638056485779824,0.9989238425443011,1.8369701987210314e-16,-4.9999999999999964,-0.9989238425443011,0.04638056485779824,-6.123233995736782e-17,-3.7499999999999982,0.0,0.0,0.0,1.0,
22 Waypoint 4 1 2 [-0.9992614367930809,-6.730461859910147e-17,0.038426305289835865,0.04803288161229861,-0.038426305289835865,-6.9051126645853504e-18,-0.9992614367930809,-3.749076795991329,6.752024785145851e-17,-1.0,4.313744980726618e-18,-5.546967225416731,0.0,0.0,0.0,1.0,
26 Waypoint 4 1 2 [-0.9992614367930809,-6.730461859910151e-17,0.038426305289835865,0.0480328816122986,-0.038426305289835865,-6.238411815361366e-17,-0.9992614367930809,-3.749076795991329,6.965210105355643e-17,-1.0,5.975177571754427e-17,-5.546967225416731,0.0,0.0,0.0,1.0,
27 PrismaticJoint 4 1 2.0 3 0.6283185307179586 0 [-1.5633992687224373e-16,1.1424806023717196e-16,1.0,-1.2843124092502443,-0.9525482532219056,0.3043876234078785,-1.8369701978554913e-16,-4.999999999999995,-0.3043876234078785,-0.9525482532219056,6.123885142850541e-17,1.2500000000000009,0.0,0.0,0.0,1.0,
28 RevoluteJoint 4 1 3.141592653589793 1 0 [2.666212032014568e-16,1.9038993131224811e-16,-1.0,10.36197086143111,-0.3947274635306645,-0.9187982529013908,-2.8017264752291423e-16,-5.000000000000002,-0.9187982529013908,0.3947274635306645,-1.6981896101930404e-16,-1.2500000000000235,0.0,0.0,0.0,1.0,
29 Tip 4 1 0.5 True 0 [-1.25091137235739e-16,-6.858654968309464e-17,-1.0,12.228939782241993,0.9655541545627014,0.26020218024971803,-1.386286370202877e-16,-4.999999999999999,0.26020218024971803,-0.9655541545627014,3.36750413549772e-17,-3.7499999999999964,0.0,0.0,0.0,1.0,
