0.3141592653589793
-1 Waypoint 4 1 2 [0.577353631619311,-0.8164942033205091,0.0,0.0,0.8164942033205091,0.577353631619311,0.0,0.0,-0.0,0.0,1.0,0.0,0.0,0.0,0.0,1.0,
0 ExtendedRevoluteJoint 4 1 3.141592653589793 0.21126056575222807 1 0 [0.7379456877164945,0.4532506613129539,0.5000000000000001,2.248361825877036,-0.04570382574583289,-0.7056282026054479,0.7071067811865474,-0.3558701186554982,0.6733107174944007,-0.5446583128046198,-0.5000000000000003,3.2516381741229643,0.0,0.0,0.0,1.0,
1 ExtendedRevoluteJoint 4 1 3.141592653589793 0.21126056575222807 1 0 [-0.22960839118549625,-0.8350329255168375,-0.4999999999999998,1.7727392718915906,0.4484501833948261,-0.5467105568883286,0.7071067811865479,2.865236678949797,-0.8638127225911616,-0.061867441272814946,0.4999999999999999,6.324795842671237,0.0,0.0,0.0,1.0,
2 ExtendedRevoluteJoint 4 1 3.141592653589793 0.21126056575222807 1 0 [0.39706575310715053,0.7696354901571598,-0.4999999999999997,2.06245940123328,-0.3259117357054332,0.62752015149274,0.707106781186548,6.455510542742305,0.8579745498783302,-0.11781201874629327,0.49999999999999983,11.691929962821929,0.0,0.0,0.0,1.0,
0 Waypoint 4 1 2 [0.577353631619311,-0.8164942033205094,-5.957889717984079e-17,-8.881784197001252e-16,0.8164942033205093,0.577353631619311,6.688816230950325e-17,0.0,-2.0215704141816173e-17,-8.726394760930227e-17,1.0,0.0,0.0,0.0,0.0,1.0,
4 Waypoint 4 1 2 [-0.7071070785376788,-0.49999978923240773,0.49999979024941277,16.560276059503966,0.6666663397099853,-0.2357022931148517,0.7071070785376788,12.949497468669316,-0.23570229311485155,0.8333334505394273,0.4999997892324079,7.418993610941702,0.0,0.0,0.0,1.0,
5 ExtendedRevoluteJoint 4 1 3.141592653589793 0.21126056575222807 1 0 [1.353445086126721e-16,-2.0708965972919488e-17,1.0,16.560276059503966,0.816496810105479,-0.5773499450832028,-1.224646799147353e-16,-3.552713678800501e-15,0.5773499450832028,0.816496810105479,-6.123233995736764e-17,8.0,0.0,0.0,0.0,1.0,
6 ExtendedRevoluteJoint 4 1 3.141592653589793 0.21126056575222807 1 0 [-3.652531642539621e-17,-1.3195794232746237e-16,1.0,16.560249663088143,-0.6696088221387255,-0.7427139592831069,-1.2246467991473527e-16,-1.7763568394002505e-15,0.7427139592831069,-0.6696088221387255,-6.123233995736764e-17,11.999999999999996,0.0,0.0,0.0,1.0,
0 Waypoint 4 1 2 [0.577353631619311,-0.8164942033205094,-5.957889717984079e-17,0.0,0.8164942033205093,0.577353631619311,6.688816230950325e-17,-3.552713678800501e-15,-2.0215704141816173e-17,-8.726394760930227e-17,1.0,0.0,0.0,0.0,0.0,1.0,
8 Waypoint 4 1 2 [0.5773536316193109,-0.8164942033205091,-1.1509002501119528e-16,-8.881784197001252e-16,0.8164942033205091,0.5773536316193109,1.7791046477201893e-16,0.0,-7.88152192930402e-17,-1.9668759122085794e-16,1.0,-7.105427357601002e-15,0.0,0.0,0.0,1.0,
9 ExtendedRevoluteJoint 4 1 3.141592653589793 0.21126056575222807 1 0 [1.0969034338257753e-17,1.0,1.83697019872103e-16,-2.25,2.0734987952960556e-32,-1.83697019872103e-16,1.0,0.0,1.0,-1.0969034338257753e-17,-2.2749966871773272e-32,3.9999999999999996,0.0,0.0,0.0,1.0,
10 ExtendedRevoluteJoint 4 1 3.141592653589793 0.21126056575222807 1 0 [6.123233995736769e-17,-1.2246467991473532e-16,1.0,-2.25,1.5474109754604381e-16,-1.0,-1.2246467991473532e-16,0.0,1.0,1.5474109754604381e-16,-6.123233995736766e-17,8.0,0.0,0.0,0.0,1.0,
11 ExtendedRevoluteJoint 4 1 3.141592653589793 0.21126056575222807 1 0 [6.123233995736769e-17,-1.2246467991473532e-16,1.0,-2.25,1.5474109754604381e-16,-1.0,-1.2246467991473532e-16,0.0,1.0,1.5474109754604381e-16,-6.123233995736766e-17,12.0,0.0,0.0,0.0,1.0,
