0.3141592653589793
-1 Waypoint 4 1 2 [0.577353631619311,-0.8164942033205091,0.0,0.0,0.8164942033205091,0.577353631619311,0.0,0.0,-0.0,0.0,1.0,0.0,0.0,0.0,0.0,1.0,
0 ExtendedRevoluteJoint 4 1 3.141592653589793 0.21126056575222807 1 0 [0.8082165540823735,0.3111044868001967,0.5000000000000001,3.2494820651798726,-0.1735939461724491,-0.6854670975709025,0.7071067811865474,-1.06139264222687,0.5627176410594311,-0.6582923791450949,-0.5000000000000001,3.75051793482013,0.0,0.0,0.0,1.0,
1 ExtendedRevoluteJoint 4 1 3.141592653589793 0.21126056575222807 1 0 [0.09668534472764276,-0.8606113780998349,-0.5000000000000001,4.173823544943817,0.6193188273320732,-0.34123919779536704,0.7071067811865477,1.5909110791582322,-0.7791637403183765,-0.37802627656431187,0.4999999999999999,5.423711569619006,0.0,0.0,0.0,1.0,
2 ExtendedRevoluteJoint 4 1 3.141592653589793 0.21126056575222807 1 0 [0.18089982206941815,0.8469210437669221,-0.4999999999999999,5.149356863556978,-0.47933703524413096,0.5198422901643983,0.7071067811865478,4.211298629428665,0.8587847582593788,0.11175302672133991,0.4999999999999999,10.105032500498227,0.0,0.0,0.0,1.0,
0 Waypoint 4 1 2 [0.5773536316193111,-0.8164942033205091,-9.536648904129485e-17,4.440892098500626e-16,0.8164942033205093,0.577353631619311,2.832126450345724e-17,8.881784197001252e-16,3.193604048499508e-17,-9.421757040636822e-17,1.0,-8.881784197001252e-16,0.0,0.0,0.0,1.0,
4 Waypoint 4 1 2 [0.5773536316193112,-0.816494203320509,1.5655594571364442e-17,0.0,0.816494203320509,0.5773536316193112,5.6076730694158e-17,8.881784197001252e-16,-5.4825139933882106e-17,-1.959340189855512e-17,1.0,0.0,0.0,0.0,0.0,1.0,
5 ExtendedRevoluteJoint 4 1 3.141592653589793 0.21126056575222807 1 0 [6.12323399573677e-17,-1.2246467991473522e-16,1.0,0.0,2.1378771162975654e-16,-1.0,-1.2246467991473525e-16,-8.881784197001252e-16,1.0,2.1378771162975654e-16,-6.123233995736767e-17,8.0,0.0,0.0,0.0,1.0,
6 ExtendedRevoluteJoint 4 1 3.141592653589793 0.21126056575222807 1 0 [6.12323399573677e-17,-1.2246467991473522e-16,1.0,0.0,2.1378771162975654e-16,-1.0,-1.2246467991473525e-16,0.0,1.0,2.1378771162975654e-16,-6.123233995736767e-17,12.0,0.0,0.0,0.0,1.0,
0 Waypoint 4 1 2 [0.5773536316193111,-0.8164942033205091,-9.536648904129485e-17,0.0,0.8164942033205093,0.577353631619311,2.832126450345724e-17,-3.552713678800501e-15,3.193604048499508e-17,-9.421757040636822e-17,1.0,0.0,0.0,0.0,0.0,1.0,
8 Waypoint 4 1 2 [0.5773536316193112,-0.816494203320509,1.5655594571364442e-17,8.881784197001252e-15,0.816494203320509,0.5773536316193112,5.6076730694158e-17,0.0,-5.4825139933882106e-17,-1.959340189855512e-17,1.0,-7.105427357601002e-15,0.0,0.0,0.0,1.0,
9 ExtendedRevoluteJoint 4 1 3.141592653589793 0.21126056575222807 1 0 [1.677668357672482e-16,1.0,1.8369701987210297e-16,-2.25,-8.068316745208418e-33,-1.8369701987210297e-16,1.0,0.0,1.0,-1.677668357672482e-16,-2.2749951018607612e-32,3.9999999999999996,0.0,0.0,0.0,1.0,
10 ExtendedRevoluteJoint 4 1 3.141592653589793 0.21126056575222807 1 0 [6.123233995736769e-17,-1.2246467991473527e-16,1.0,-2.25,-8.256893291344308e-18,-1.0,-1.2246467991473527e-16,0.0,1.0,-8.2568932913443e-18,-6.123233995736769e-17,8.0,0.0,0.0,0.0,1.0,
11 ExtendedRevoluteJoint 4 1 3.141592653589793 0.21126056575222807 1 0 [6.123233995736769e-17,-1.2246467991473527e-16,1.0,-2.25,-8.256893291344308e-18,-1.0,-1.2246467991473527e-16,1.7763568394002505e-15,1.0,-8.2568932913443e-18,-6.123233995736769e-17,12.0,0.0,0.0,0.0,1.0,
