0.3141592653589793
-1 Waypoint 4 1 2 [0.999999998046875,-6.24999999593099e-05,0.0,0.0,6.24999999593099e-05,0.999999998046875,0.0,0.0,-0.0,0.0,1.0,0.0,0.0,0.0,0.0,1.0,
0 ExtendedRevoluteJoint 4 1 3.141592653589793 0.5428932188134525 1 0 [0.9999999977792535,-6.664452813339083e-05,0.0,0.0,6.664452813339083e-05,0.9999999977792535,0.0,2.5,-0.0,0.0,1.0,9.334724218039977,0.0,0.0,0.0,1.0,
1 PrismaticJoint 4 1 2.0 3 0.6283185307179586 0 [6.104056442406789e-17,-6.142351673504624e-17,1.0,18.005242997877726,0.9999951107893181,-0.0031270429257235165,-6.123233995736766e-17,4.999999999999999,0.0031270429257235165,0.9999951107893181,6.123233995736766e-17,1.2500000000000013,0.0,0.0,0.0,1.0,
2 RevoluteJoint 4 1 3.141592653589793 1 0 [-5.2129468613575294e-17,6.914707090958774e-17,1.0,30.677926709349975,0.990298097440017,-0.13895926815683324,6.123233995736766e-17,5.000000000000002,0.13895926815683324,0.990298097440017,-6.123233995736765e-17,-1.2500000000000022,0.0,0.0,0.0,1.0,
3 Tip 4 1 0.5 True 0 [-5.2129468613575294e-17,6.914707090958774e-17,1.0,42.252818131600314,0.990298097440017,-0.13895926815683324,6.123233995736766e-17,5.000000000000003,0.13895926815683324,0.990298097440017,-6.123233995736765e-17,-3.750000000000003,0.0,0.0,0.0,1.0,
1 Waypoint 4 1 2 [-5.308667050934345e-05,-0.707106940679879,0.7071066197004151,1.505474596634805,0.9999999983491397,-2.1989225946139347e-05,5.308667050934345e-05,2.2881550879431134,-2.1989225946139347e-05,0.7071066213512754,0.707106940679879,15.749964966136151,0.0,0.0,0.0,1.0,
5 Waypoint 4 1 2 [-5.308667050934345e-05,-0.707106940679879,0.7071066197004151,13.140713288923598,0.9999999983491397,-2.1989225946139347e-05,5.308667050934345e-05,2.2890286140359914,-2.1989225946139347e-05,0.7071066213512754,0.707106940679879,27.3852089400509,0.0,0.0,0.0,1.0,
6 PrismaticJoint 4 1 2.0 3 0.6283185307179586 0 [6.104056442406789e-17,-6.142351673504624e-17,1.0,48.346800447469185,0.9999951107893181,-0.0031270429257235165,-6.123233995736766e-17,4.999999999999997,0.0031270429257235165,0.9999951107893181,6.123233995736766e-17,1.2500000000000029,0.0,0.0,0.0,1.0,
7 RevoluteJoint 4 1 3.141592653589793 1 0 [5.211821368882248e-17,-6.915555447825956e-17,1.0,61.059040766308605,0.990275467600271,-0.1391204451871277,-6.123233995736766e-17,4.9999999999999964,0.1391204451871277,0.990275467600271,6.123233995736766e-17,-1.2499999999999967,0.0,0.0,0.0,1.0,
8 Tip 4 1 0.5 True 0 [5.211821368882248e-17,-6.915555447825956e-17,1.0,72.63297112428596,0.990275467600271,-0.1391204451871277,-6.123233995736766e-17,4.999999999999996,0.1391204451871277,0.990275467600271,6.123233995736766e-17,-3.749999999999996,0.0,0.0,0.0,1.0,
0 Waypoint 4 1 2 [-5.308667050934345e-05,-0.707106940679879,0.7071066197004151,-4.646122848212596,0.9999999983491397,-2.1989225946139347e-05,5.308667050934345e-05,-2.101219246563631,-2.1989225946139347e-05,0.7071066213512754,0.707106940679879,11.717344711912425,0.0,0.0,0.0,1.0,
10 Waypoint 4 1 2 [-5.308667050934345e-05,-0.707106940679879,0.7071066197004151,27.2714423502137,0.9999999983491397,-2.1989225946139347e-05,5.308667050934345e-05,-2.098823006421137,-2.1989225946139347e-05,0.7071066213512754,0.707106940679879,43.63492439879447,0.0,0.0,0.0,1.0,
11 PrismaticJoint 4 1 2.0 3 0.6283185307179586 0 [-8.518670394718536e-18,-6.063688408354103e-17,1.0,78.72729830138908,0.9902754676002711,-0.13912044518712768,0.0,0.0,0.13912044518712768,0.9902754676002711,6.123233995736766e-17,1.2500000000000047,0.0,0.0,0.0,1.0,
12 RevoluteJoint 4 1 3.141592653589793 1 0 [-8.518670394718536e-18,-6.063688408354103e-17,1.0,91.44344420767217,0.9902754676002711,-0.13912044518712768,0.0,0.0,0.13912044518712768,0.9902754676002711,6.123233995736766e-17,-1.2499999999999947,0.0,0.0,0.0,1.0,
13 Tip 4 1 0.5 True 0 [-8.518670394718536e-18,-6.063688408354103e-17,1.0,103.01729224634761,0.9902754676002711,-0.13912044518712768,0.0,0.0,0.13912044518712768,0.9902754676002711,6.123233995736766e-17,-3.749999999999994,0.0,0.0,0.0,1.0,
0 Waypoint 4 1 2 [-5.308667050934345e-05,-0.707106940679879,0.7071066197004151,-6.321786674850344,0.9999999983491397,-2.1989225946139347e-05,5.308667050934345e-05,-1.3002193723039634,-2.1989225946139347e-05,0.7071066213512754,0.707106940679879,13.392947642232446,0.0,0.0,0.0,1.0,
15 Waypoint 4 1 2 [-5.308667050934345e-05,-0.707106940679879,0.7071066197004151,40.78774531861117,0.9999999983491397,-2.1989225946139347e-05,5.308667050934345e-05,-1.2966825814818865,-2.1989225946139347e-05,0.7071066213512754,0.707106940679879,60.502501020294105,0.0,0.0,0.0,1.0,
16 PrismaticJoint 4 1 2.0 3 0.6283185307179586 0 [1.2260331566770472e-16,6.095428016602585e-17,1.0,109.11124576946575,0.999997425264481,-0.0022692431356918156,-1.2246467991473532e-16,-1.366843548804248e-14,0.0022692431356918156,0.999997425264481,-6.123233995736766e-17,1.2499999999999931,0.0,0.0,0.0,1.0,
17 RevoluteJoint 4 1 3.141592653589793 1 0 [-1.127677383751568e-16,7.765587205759398e-17,1.0,121.82834623872073,0.990298097440017,-0.13895926815683332,1.2246467991473532e-16,1.5838154526026998e-14,0.13895926815683332,0.990298097440017,-6.123233995736765e-17,-1.2500000000000078,0.0,0.0,0.0,1.0,
18 Tip 4 1 0.5 True 0 [-1.127677383751568e-16,7.765587205759398e-17,1.0,133.40229815074613,0.990298097440017,-0.13895926815683332,1.2246467991473532e-16,1.7561716542068564e-14,0.13895926815683332,0.990298097440017,-6.123233995736765e-17,-3.7500000000000084,0.0,0.0,0.0,1.0,
0 Waypoint 4 1 2 [-5.308667050934345e-05,-0.707106940679879,0.7071066197004151,-7.816411426970357,0.9999999983491397,-2.1989225946139347e-05,5.308667050934345e-05,-0.9132479336168777,-2.1989225946139347e-05,0.7071066213512754,0.707106940679879,14.887542663697198,0.0,0.0,0.0,1.0,
20 Waypoint 4 1 2 [-5.308667050934345e-05,-0.707106940679879,0.7071066197004151,54.48564077188535,0.9999999983491397,-2.1989225946139347e-05,5.308667050934345e-05,-0.9085705505674334,-2.1989225946139347e-05,0.7071066213512754,0.707106940679879,77.18962314354867,0.0,0.0,0.0,1.0,
21 ExtendedRevoluteJoint 4 1 3.141592653589793 0.5428932188134525 1 0 [0.9999999969052634,-7.867320502386001e-05,0.0,0.0,7.867320502386001e-05,0.9999999969052634,0.0,-2.5,-0.0,0.0,1.0,141.01027065137376,0.0,0.0,0.0,1.0,
22 PrismaticJoint 4 1 2.0 3 0.6283185307179586 0 [-8.871882220202091e-17,1.7211323352268017e-16,1.0,149.68122458270074,0.9881355558048684,0.15358425490330616,6.123233995736766e-17,-4.999999999999991,-0.15358425490330616,0.9881355558048684,-1.8369701987210297e-16,1.249999999999972,0.0,0.0,0.0,1.0,
23 RevoluteJoint 4 1 3.141592653589793 1 0 [-1.7340600813673837e-16,8.616467320560021e-17,1.0,162.39840206495288,0.9902980974400171,-0.13895926815683313,1.8369701987210297e-16,-4.999999999999969,0.13895926815683313,0.9902980974400171,-6.123233995736767e-17,-1.2500000000000102,0.0,0.0,0.0,1.0,
24 Tip 4 1 0.5 True 0 [-1.7340600813673837e-16,8.616467320560021e-17,1.0,173.97235235456267,0.9902980974400171,-0.13895926815683313,1.8369701987210297e-16,-4.999999999999967,0.13895926815683313,0.9902980974400171,-6.123233995736767e-17,-3.750000000000011,0.0,0.0,0.0,1.0,
22 Waypoint 4 1 2 [-5.308667050934345e-05,-0.707106940679879,0.7071066197004151,1.6838591756638692,0.9999999983491397,-2.1989225946139347e-05,5.308667050934345e-05,-2.575555516524941,-2.1989225946139347e-05,0.7071066213512754,0.707106940679879,147.24711672344768,0.0,0.0,0.0,1.0,
26 Waypoint 4 1 2 [-5.308667050934345e-05,-0.707106940679879,0.7071066197004151,13.340883942203613,0.9999999983491397,-2.1989225946139347e-05,5.308667050934345e-05,-2.5746803548227883,-2.1989225946139347e-05,0.7071066213512754,0.707106940679879,158.90414678150282,0.0,0.0,0.0,1.0,
27 PrismaticJoint 4 1 2.0 3 0.6283185307179586 0 [-5.1063945444871676e-17,-6.993763213687219e-17,1.0,180.06635425477296,0.988052862800849,0.15411534742213923,6.123233995736766e-17,-4.999999999999989,-0.15411534742213923,0.988052862800849,6.123233995736766e-17,1.2500000000000109,0.0,0.0,0.0,1.0,
28 RevoluteJoint 4 1 3.141592653589793 1 0 [-6.915555447825956e-17,-5.21182136888225e-17,1.0,192.78357422764918,0.9902754676002711,-0.1391204451871276,6.123233995736766e-17,-4.9999999999999885,0.1391204451871276,0.9902754676002711,6.123233995736766e-17,-1.2499999999999885,0.0,0.0,0.0,1.0,
29 Tip 4 1 0.5 True 0 [-6.915555447825956e-17,-5.21182136888225e-17,1.0,204.35739963810454,0.9902754676002711,-0.1391204451871276,6.123233995736766e-17,-4.999999999999988,0.1391204451871276,0.9902754676002711,6.123233995736766e-17,-3.749999999999988,0.0,0.0,0.0,1.0,
